498254340310966273	1	1	1
498254340310966273	2	1	-1
498254340310966273	3	2	-1
498254340310966273	4	2	-1
498254340310966273	5	4	1
498254340310966273	6	1	-1
498254340310966273	7	6	1
498254340310966273	8	7	1
498254340310966273	9	8	1
498254340310966273	10	8	1
498254340310966273	11	10	-1
498254340310966273	12	9	1
498254340310966273	13	12	-1
498254340310966273	14	13	1
498254340310966273	15	1	-1
498254340310966273	16	1	1
498254340310966273	17	1	-1
498254340310966273	18	1	-1
498254340310966273	19	18	-1
498254340310966273	20	18	-1
498254340310966273	21	1	-1
498254340310966273	22	1	-1
498254340310966273	23	18	-1
498254340310966273	24	1	-1
498254340310966273	25	20	1
498254340310966273	26	25	1
498254340310966273	27	26	1
498254340310966273	28	26	-1
498254340310966273	29	28	-1
498254340310966273	30	26	1
498254340310966273	31	26	1
498254340310966273	32	26	-1
498254340310966273	33	32	1
498254340310966273	34	33	1
498254340310966273	35	33	1
498254340310966273	36	34	1
498254340310966273	37	34	1
498254340310966273	38	37	1
498254340310966273	39	37	1
498254340310966273	40	38	-1
498254340310966273	41	38	1
498254340310966273	42	39	-1
498254340310966273	43	42	-1
