498264107460870144	1	1	1
498264107460870144	2	1	1
498264107460870144	3	1	1
498264107460870144	4	3	-1
498264107460870144	5	1	1
498264107460870144	6	4	1
498264107460870144	7	5	-1
498264107460870144	8	1	1
498264107460870144	9	1	-1
498264107460870144	10	4	1
498264107460870144	11	1	1
498264107460870144	12	5	1
498264107460870144	13	11	1
498264107460870144	14	9	1
498264107460870144	15	13	1
498264107460870144	16	14	1
498264107460870144	17	15	-1
498264107460870144	18	12	1
498264107460870144	19	14	1
498264107460870144	20	1	1
498264107460870144	21	18	1
498264107460870144	22	13	1
498264107460870144	23	19	-1
498264107460870144	24	23	-1
498264107460870144	25	13	-1
498264107460870144	26	22	1
498264107460870144	27	13	-1
498264107460870144	28	13	-1
498264107460870144	29	23	-1
498264107460870144	30	25	1
498264107460870144	31	1	1
498264107460870144	32	1	1
498264107460870144	33	4	-1
498264107460870144	34	4	1
498264107460870144	35	33	1
498264107460870144	36	1	-1
498264107460870144	37	1	1
498264107460870144	38	36	1
498264107460870144	39	36	-1
498264107460870144	40	36	-1
498264107460870144	41	38	1
498264107460870144	42	38	1
498264107460870144	43	40	-1
498264107460870144	44	36	-1
498264107460870144	45	36	1
498264107460870144	46	36	-1
498264107460870144	47	36	1
498264107460870144	48	46	1
498264107460870144	49	47	-1
498264107460870144	50	47	-1
498264107460870144	51	48	1
498264107460870144	52	49	1
498264107460870144	53	49	-1
498264107460870144	54	50	-1
498264107460870144	55	52	-1
498264107460870144	56	54	1
498264107460870144	57	56	1
498264107460870144	58	41	1
498264107460870144	59	56	-1
498264107460870144	60	54	1
498264107460870144	61	54	1
498264107460870144	62	41	1
498264107460870144	63	57	-1
498264107460870144	64	41	1
498264107460870144	65	57	-1
498264107460870144	66	64	1
498264107460870144	67	41	1
498264107460870144	68	59	1
498264107460870144	69	59	-1
498264107460870144	70	69	1
498264107460870144	71	41	1
498264107460870144	72	41	-1
498264107460870144	73	41	-1
498264107460870144	74	49	1
498264107460870144	75	41	-1
498264107460870144	76	66	-1
498264107460870144	77	49	-1
498264107460870144	78	41	1
498264107460870144	79	78	-1
498264107460870144	80	78	-1
498264107460870144	81	79	1
498264107460870144	82	78	-1
498264107460870144	83	79	1
498264107460870144	84	82	1
498264107460870144	85	82	1
498264107460870144	86	82	-1
498264107460870144	87	82	1
498264107460870144	88	78	-1
498264107460870144	89	78	-1
498264107460870144	90	60	1
498264107460870144	91	78	-1
498264107460870144	92	90	-1
498264107460870144	93	60	-1
498264107460870144	94	92	1
498264107460870144	95	90	-1
498264107460870144	96	92	1
498264107460870144	97	91	-1
498264107460870144	98	87	1
498264107460870144	99	95	1
498264107460870144	100	91	1
498264107460870144	101	98	-1
498264107460870144	102	101	-1
498264107460870144	103	101	-1
498264107460870144	104	101	1
498264107460870144	105	99	-1
498264107460870144	106	100	-1
498264107460870144	107	105	-1
498264107460870144	108	107	1
498264107460870144	109	107	-1
498264107460870144	110	109	-1
498264107460870144	111	109	1
