498305825341845504	1	1	1
498305825341845504	2	1	1
498305825341845504	3	2	-1
498305825341845504	4	1	-1
498305825341845504	5	1	-1
498305825341845504	6	4	-1
498305825341845504	7	4	1
498305825341845504	8	7	-1
498305825341845504	9	8	1
498305825341845504	10	9	-1
498305825341845504	11	1	1
498305825341845504	12	10	1
498305825341845504	13	12	1
498305825341845504	14	13	-1
498305825341845504	15	11	-1
498305825341845504	16	4	-1
498305825341845504	17	2	1
498305825341845504	18	1	-1
498305825341845504	19	1	-1
498305825341845504	20	1	-1
498305825341845504	21	1	-1
498305825341845504	22	21	-1
498305825341845504	23	17	-1
498305825341845504	24	17	1
498305825341845504	25	23	1
498305825341845504	26	1	-1
498305825341845504	27	26	1
498305825341845504	28	1	-1
498305825341845504	29	3	-1
498305825341845504	30	6	-1
498305825341845504	31	1	1
498305825341845504	32	29	-1
