498357910603575296	1	1	1
498357910603575296	2	1	1
498357910603575296	3	1	1
498357910603575296	4	2	1
498357910603575296	5	1	1
498357910603575296	6	1	1
498357910603575296	7	1	-1
498357910603575296	8	1	-1
498357910603575296	9	1	-1
498357910603575296	10	1	1
498357910603575296	11	1	-1
498357910603575296	12	1	1
498357910603575296	13	1	1
498357910603575296	14	1	-1
498357910603575296	15	1	1
498357910603575296	16	1	-1
498357910603575296	17	1	1
498357910603575296	18	1	-1
498357910603575296	19	1	1
498357910603575296	20	7	1
498357910603575296	21	20	1
498357910603575296	22	20	1
498357910603575296	23	20	-1
498357910603575296	24	20	1
498357910603575296	25	23	1
498357910603575296	26	25	1
498357910603575296	27	25	-1
498357910603575296	28	20	1
498357910603575296	29	27	-1
498357910603575296	30	23	1
498357910603575296	31	28	1
498357910603575296	32	27	-1
498357910603575296	33	24	-1
498357910603575296	34	24	1
498357910603575296	35	28	1
498357910603575296	36	32	-1
498357910603575296	37	32	-1
498357910603575296	38	31	-1
498357910603575296	39	30	-1
498357910603575296	40	33	1
498357910603575296	41	30	-1
498357910603575296	42	28	-1
498357910603575296	43	40	1
498357910603575296	44	32	1
498357910603575296	45	33	1
498357910603575296	46	44	-1
498357910603575296	47	34	-1
498357910603575296	48	46	-1
498357910603575296	49	43	1
498357910603575296	50	46	1
498357910603575296	51	43	1
498357910603575296	52	28	-1
498357910603575296	53	32	-1
498357910603575296	54	32	1
498357910603575296	55	50	1
498357910603575296	56	46	1
