498303288295817217	1	1	1
498303288295817217	2	1	1
498303288295817217	3	1	1
498303288295817217	4	1	-1
498303288295817217	5	1	-1
498303288295817217	6	1	-1
498303288295817217	7	1	-1
498303288295817217	8	1	1
498303288295817217	9	1	-1
498303288295817217	10	1	-1
498303288295817217	11	1	-1
498303288295817217	12	1	-1
498303288295817217	13	1	-1
498303288295817217	14	1	-1
498303288295817217	15	14	-1
498303288295817217	16	15	1
498303288295817217	17	1	1
498303288295817217	18	1	-1
498303288295817217	19	16	1
