498489114384420865	1	1	1
498489114384420865	2	1	-1
498489114384420865	3	1	-1
498489114384420865	4	2	1
498489114384420865	5	1	1
498489114384420865	6	4	-1
498489114384420865	7	5	1
498489114384420865	8	7	1
498489114384420865	9	8	1
498489114384420865	10	9	1
498489114384420865	11	2	-1
498489114384420865	12	8	1
498489114384420865	13	10	-1
498489114384420865	14	12	1
498489114384420865	15	11	-1
498489114384420865	16	6	1
498489114384420865	17	15	-1
498489114384420865	18	17	-1
498489114384420865	19	16	1
498489114384420865	20	1	-1
498489114384420865	21	20	-1
498489114384420865	22	12	1
498489114384420865	23	21	1
498489114384420865	24	5	1
498489114384420865	25	24	1
498489114384420865	26	25	-1
498489114384420865	27	26	1
498489114384420865	28	25	1
498489114384420865	29	19	1
498489114384420865	30	28	-1
498489114384420865	31	27	-1
498489114384420865	32	31	1
498489114384420865	33	29	1
498489114384420865	34	30	-1
498489114384420865	35	30	-1
498489114384420865	36	1	1
498489114384420865	37	30	1
498489114384420865	38	37	1
498489114384420865	39	1	1
498489114384420865	40	4	1
498489114384420865	41	40	1
498489114384420865	42	40	-1
498489114384420865	43	40	-1
498489114384420865	44	42	-1
498489114384420865	45	2	-1
498489114384420865	46	41	1
498489114384420865	47	1	1
