498499836900278272	1	1	1
498499836900278272	2	1	-1
498499836900278272	3	1	-1
498499836900278272	4	2	-1
498499836900278272	5	3	1
498499836900278272	6	4	1
498499836900278272	7	5	1
498499836900278272	8	6	1
498499836900278272	9	8	1
498499836900278272	10	1	1
498499836900278272	11	2	1
498499836900278272	12	10	1
498499836900278272	13	10	-1
498499836900278272	14	12	1
498499836900278272	15	13	1
498499836900278272	16	14	1
498499836900278272	17	1	1
498499836900278272	18	1	1
498499836900278272	19	18	1
498499836900278272	20	19	1
498499836900278272	21	20	-1
498499836900278272	22	21	-1
498499836900278272	23	22	-1
498499836900278272	24	23	-1
498499836900278272	25	24	1
498499836900278272	26	25	1
498499836900278272	27	25	1
498499836900278272	28	26	-1
498499836900278272	29	28	-1
498499836900278272	30	29	-1
498499836900278272	31	30	1
498499836900278272	32	2	1
498499836900278272	33	4	-1
498499836900278272	34	6	-1
498499836900278272	35	20	-1
498499836900278272	36	32	1
