498482619232055296	1	1	1
498482619232055296	2	1	-1
498482619232055296	3	1	1
498482619232055296	4	1	1
498482619232055296	5	1	-1
498482619232055296	6	1	-1
498482619232055296	7	1	-1
498482619232055296	8	1	1
498482619232055296	9	1	1
498482619232055296	10	1	-1
498482619232055296	11	10	1
498482619232055296	12	11	1
498482619232055296	13	1	-1
498482619232055296	14	1	-1
498482619232055296	15	1	-1
498482619232055296	16	1	-1
498482619232055296	17	1	-1
498482619232055296	18	1	1
498482619232055296	19	18	1
498482619232055296	20	7	-1
498482619232055296	21	1	1
498482619232055296	22	1	1
498482619232055296	23	1	1
498482619232055296	24	1	1
498482619232055296	25	1	-1
498482619232055296	26	1	1
498482619232055296	27	1	-1
498482619232055296	28	1	1
498482619232055296	29	1	1
498482619232055296	30	1	-1
498482619232055296	31	1	-1
498482619232055296	32	31	-1
498482619232055296	33	32	-1
498482619232055296	34	1	-1
498482619232055296	35	1	-1
498482619232055296	36	1	1
498482619232055296	37	1	-1
498482619232055296	38	1	1
