498474035668586497	1	1	1
498474035668586497	2	1	-1
498474035668586497	3	1	-1
498474035668586497	4	1	-1
498474035668586497	5	1	-1
498474035668586497	6	1	-1
498474035668586497	7	1	1
498474035668586497	8	1	1
498474035668586497	9	1	1
498474035668586497	10	1	-1
498474035668586497	11	1	-1
498474035668586497	12	1	1
498474035668586497	13	1	1
498474035668586497	14	1	-1
498474035668586497	15	1	1
498474035668586497	16	1	-1
498474035668586497	17	1	1
498474035668586497	18	15	1
498474035668586497	19	1	1
498474035668586497	20	18	1
498474035668586497	21	20	1
498474035668586497	22	20	-1
498474035668586497	23	20	1
498474035668586497	24	20	1
