498556324868009984	1	1	1
498556324868009984	2	1	-1
498556324868009984	3	1	-1
498556324868009984	4	1	-1
498556324868009984	5	1	1
498556324868009984	6	1	1
498556324868009984	7	1	1
498556324868009984	8	1	1
498556324868009984	9	1	-1
498556324868009984	10	8	1
498556324868009984	11	10	-1
498556324868009984	12	11	1
498556324868009984	13	1	1
498556324868009984	14	1	-1
498556324868009984	15	12	-1
498556324868009984	16	1	-1
498556324868009984	17	1	1
498556324868009984	18	1	-1
498556324868009984	19	1	-1
498556324868009984	20	15	-1
498556324868009984	21	1	-1
498556324868009984	22	9	1
498556324868009984	23	9	1
498556324868009984	24	15	1
498556324868009984	25	1	-1
498556324868009984	26	1	1
498556324868009984	27	1	-1
498556324868009984	28	1	1
498556324868009984	29	28	-1
498556324868009984	30	29	-1
498556324868009984	31	30	1
498556324868009984	32	31	1
498556324868009984	33	1	1
498556324868009984	34	1	1
498556324868009984	35	1	-1
498556324868009984	36	1	-1
