499368931367608320	1	1	1
499368931367608320	2	1	1
499368931367608320	3	1	1
499368931367608320	4	1	-1
499368931367608320	5	1	1
499368931367608320	6	1	1
499368931367608320	7	1	1
499368931367608320	8	3	1
499368931367608320	9	1	-1
499368931367608320	10	1	1
499368931367608320	11	1	-1
499368931367608320	12	8	1
499368931367608320	13	11	1
499368931367608320	14	13	1
499368931367608320	15	13	1
499368931367608320	16	14	1
499368931367608320	17	16	1
499368931367608320	18	17	-1
499368931367608320	19	13	1
499368931367608320	20	19	1
499368931367608320	21	20	1
499368931367608320	22	1	-1
499368931367608320	23	20	-1
499368931367608320	24	1	-1
499368931367608320	25	1	-1
499368931367608320	26	1	-1
499368931367608320	27	1	-1
499368931367608320	28	1	1
499368931367608320	29	1	1
499368931367608320	30	1	1
499368931367608320	31	1	1
499368931367608320	32	28	1
499368931367608320	33	30	-1
499368931367608320	34	33	-1
499368931367608320	35	34	1
499368931367608320	36	35	1
499368931367608320	37	36	-1
499368931367608320	38	28	1
499368931367608320	39	1	-1
499368931367608320	40	39	-1
499368931367608320	41	39	-1
499368931367608320	42	1	1
499368931367608320	43	1	1
499368931367608320	44	1	1
499368931367608320	45	1	-1
499368931367608320	46	39	-1
499368931367608320	47	1	1
499368931367608320	48	1	-1
