499346625760751616	1	1	1
499346625760751616	2	1	-1
499346625760751616	3	1	-1
499346625760751616	4	1	-1
499346625760751616	5	1	-1
499346625760751616	6	1	1
499346625760751616	7	6	-1
499346625760751616	8	1	-1
499346625760751616	9	7	1
499346625760751616	10	8	-1
499346625760751616	11	9	1
499346625760751616	12	10	-1
499346625760751616	13	11	-1
499346625760751616	14	9	1
499346625760751616	15	9	1
499346625760751616	16	1	-1
499346625760751616	17	13	-1
499346625760751616	18	1	-1
499346625760751616	19	1	-1
499346625760751616	20	15	-1
499346625760751616	21	15	-1
499346625760751616	22	17	1
499346625760751616	23	15	-1
499346625760751616	24	15	1
499346625760751616	25	4	1
499346625760751616	26	5	-1
499346625760751616	27	26	-1
499346625760751616	28	1	-1
499346625760751616	29	1	1
499346625760751616	30	1	-1
499346625760751616	31	4	-1
499346625760751616	32	1	-1
499346625760751616	33	1	-1
499346625760751616	34	1	1
499346625760751616	35	31	1
499346625760751616	36	1	1
499346625760751616	37	1	-1
499346625760751616	38	3	1
499346625760751616	39	36	-1
499346625760751616	40	31	1
499346625760751616	41	31	1
499346625760751616	42	38	1
499346625760751616	43	1	-1
499346625760751616	44	42	1
499346625760751616	45	42	1
499346625760751616	46	42	-1
499346625760751616	47	44	-1
499346625760751616	48	45	1
499346625760751616	49	46	1
499346625760751616	50	1	1
499346625760751616	51	46	-1
499346625760751616	52	50	-1
499346625760751616	53	1	-1
499346625760751616	54	1	-1
499346625760751616	55	11	1
499346625760751616	56	55	1
499346625760751616	57	1	1
499346625760751616	58	52	1
499346625760751616	59	1	1
499346625760751616	60	1	-1
499346625760751616	61	58	-1
499346625760751616	62	1	-1
499346625760751616	63	58	-1
499346625760751616	64	58	1
499346625760751616	65	63	-1
499346625760751616	66	65	1
499346625760751616	67	64	-1
499346625760751616	68	65	1
499346625760751616	69	65	1
499346625760751616	70	69	1
499346625760751616	71	69	1
499346625760751616	72	67	1
499346625760751616	73	67	1
499346625760751616	74	73	-1
499346625760751616	75	74	-1
499346625760751616	76	1	-1
499346625760751616	77	1	1
499346625760751616	78	1	1
