499448210789007360	1	1	1
499448210789007360	2	1	-1
499448210789007360	3	1	-1
499448210789007360	4	1	-1
499448210789007360	5	1	1
499448210789007360	6	1	-1
499448210789007360	7	6	1
499448210789007360	8	1	1
499448210789007360	9	1	-1
499448210789007360	10	1	1
499448210789007360	11	1	-1
499448210789007360	12	11	1
499448210789007360	13	1	-1
499448210789007360	14	1	-1
499448210789007360	15	1	1
499448210789007360	16	15	-1
499448210789007360	17	14	1
499448210789007360	18	16	1
499448210789007360	19	1	-1
499448210789007360	20	19	1
499448210789007360	21	1	-1
499448210789007360	22	1	1
499448210789007360	23	1	-1
499448210789007360	24	23	1
499448210789007360	25	24	-1
