499481575059619840	1	1	1
499481575059619840	2	1	1
499481575059619840	3	1	-1
499481575059619840	4	1	1
499481575059619840	5	1	1
499481575059619840	6	1	-1
499481575059619840	7	1	-1
499481575059619840	8	1	1
499481575059619840	9	1	-1
499481575059619840	10	1	1
499481575059619840	11	1	-1
499481575059619840	12	1	-1
499481575059619840	13	1	-1
499481575059619840	14	12	1
499481575059619840	15	14	-1
499481575059619840	16	14	1
499481575059619840	17	16	-1
499481575059619840	18	16	-1
499481575059619840	19	17	1
499481575059619840	20	18	-1
499481575059619840	21	19	1
499481575059619840	22	20	1
499481575059619840	23	18	-1
499481575059619840	24	21	-1
499481575059619840	25	23	1
499481575059619840	26	25	-1
499481575059619840	27	25	-1
499481575059619840	28	26	1
