499530130487017472	1	1	1
499530130487017472	2	1	-1
499530130487017472	3	1	1
499530130487017472	4	1	1
499530130487017472	5	4	-1
499530130487017472	6	1	1
499530130487017472	7	6	1
499530130487017472	8	7	-1
499530130487017472	9	5	-1
499530130487017472	10	1	-1
499530130487017472	11	1	1
499530130487017472	12	6	1
499530130487017472	13	9	-1
499530130487017472	14	12	1
499530130487017472	15	12	1
499530130487017472	16	3	-1
499530130487017472	17	16	-1
499530130487017472	18	1	1
499530130487017472	19	17	1
499530130487017472	20	19	-1
499530130487017472	21	1	-1
499530130487017472	22	1	1
499530130487017472	23	1	-1
499530130487017472	24	1	1
499530130487017472	25	1	-1
