499571799764770816	1	1	1
499571799764770816	2	1	1
499571799764770816	3	1	1
499571799764770816	4	1	1
499571799764770816	5	1	1
499571799764770816	6	1	-1
499571799764770816	7	1	1
499571799764770816	8	1	1
499571799764770816	9	1	-1
499571799764770816	10	1	1
499571799764770816	11	1	-1
499571799764770816	12	1	-1
499571799764770816	13	1	1
499571799764770816	14	1	-1
499571799764770816	15	1	-1
499571799764770816	16	1	-1
499571799764770816	17	1	-1
499571799764770816	18	15	-1
499571799764770816	19	1	1
499571799764770816	20	18	-1
499571799764770816	21	1	1
499571799764770816	22	21	-1
499571799764770816	23	21	1
499571799764770816	24	23	1
499571799764770816	25	21	1
499571799764770816	26	1	-1
499571799764770816	27	26	-1
499571799764770816	28	26	-1
499571799764770816	29	9	-1
499571799764770816	30	12	1
499571799764770816	31	28	-1
499571799764770816	32	1	1
499571799764770816	33	1	1
499571799764770816	34	1	1
499571799764770816	35	1	1
499571799764770816	36	1	-1
