499511714438971392	1	1	1
499511714438971392	2	1	-1
499511714438971392	3	1	-1
499511714438971392	4	1	-1
499511714438971392	5	4	-1
499511714438971392	6	4	1
499511714438971392	7	4	1
499511714438971392	8	5	-1
499511714438971392	9	5	1
499511714438971392	10	7	-1
499511714438971392	11	7	-1
499511714438971392	12	7	-1
499511714438971392	13	7	1
499511714438971392	14	10	1
499511714438971392	15	14	-1
499511714438971392	16	12	1
499511714438971392	17	13	-1
499511714438971392	18	9	1
499511714438971392	19	9	1
499511714438971392	20	16	1
499511714438971392	21	17	1
499511714438971392	22	19	1
499511714438971392	23	22	-1
499511714438971392	24	20	1
499511714438971392	25	21	-1
499511714438971392	26	22	1
499511714438971392	27	21	-1
499511714438971392	28	1	1
499511714438971392	29	1	-1
499511714438971392	30	1	-1
499511714438971392	31	30	-1
499511714438971392	32	31	-1
499511714438971392	33	32	1
499511714438971392	34	33	-1
499511714438971392	35	34	-1
499511714438971392	36	35	-1
499511714438971392	37	1	1
499511714438971392	38	1	-1
499511714438971392	39	38	1
499511714438971392	40	37	1
499511714438971392	41	40	1
499511714438971392	42	41	1
499511714438971392	43	42	1
499511714438971392	44	43	1
499511714438971392	45	44	1
499511714438971392	46	45	-1
499511714438971392	47	46	-1
499511714438971392	48	1	-1
499511714438971392	49	4	1
499511714438971392	50	1	1
499511714438971392	51	45	-1
499511714438971392	52	1	-1
499511714438971392	53	1	-1
499511714438971392	54	1	-1
499511714438971392	55	5	1
499511714438971392	56	55	-1
499511714438971392	57	56	1
499511714438971392	58	57	-1
499511714438971392	59	58	-1
499511714438971392	60	59	-1
