499560002341044224	1	1	1
499560002341044224	2	1	1
499560002341044224	3	1	-1
499560002341044224	4	1	-1
499560002341044224	5	1	1
499560002341044224	6	1	-1
499560002341044224	7	1	-1
499560002341044224	8	6	1
499560002341044224	9	1	1
499560002341044224	10	8	-1
499560002341044224	11	10	1
499560002341044224	12	10	1
499560002341044224	13	1	-1
499560002341044224	14	1	-1
499560002341044224	15	11	1
499560002341044224	16	10	1
499560002341044224	17	9	1
499560002341044224	18	15	1
499560002341044224	19	16	-1
499560002341044224	20	19	1
499560002341044224	21	1	-1
499560002341044224	22	21	1
499560002341044224	23	22	-1
499560002341044224	24	9	-1
499560002341044224	25	20	-1
499560002341044224	26	24	1
499560002341044224	27	26	-1
499560002341044224	28	27	-1
499560002341044224	29	1	-1
499560002341044224	30	25	-1
499560002341044224	31	30	-1
499560002341044224	32	1	-1
499560002341044224	33	1	1
499560002341044224	34	4	1
499560002341044224	35	34	-1
499560002341044224	36	34	1
499560002341044224	37	35	1
499560002341044224	38	37	1
499560002341044224	39	37	-1
499560002341044224	40	36	1
499560002341044224	41	37	-1
499560002341044224	42	39	1
499560002341044224	43	40	-1
499560002341044224	44	41	1
499560002341044224	45	40	1
499560002341044224	46	41	1
499560002341044224	47	45	1
499560002341044224	48	41	1
499560002341044224	49	46	1
499560002341044224	50	46	1
499560002341044224	51	49	1
499560002341044224	52	48	1
499560002341044224	53	50	-1
499560002341044224	54	51	1
499560002341044224	55	53	-1
499560002341044224	56	52	-1
499560002341044224	57	30	-1
499560002341044224	58	53	-1
499560002341044224	59	55	-1
499560002341044224	60	58	1
499560002341044224	61	56	1
499560002341044224	62	54	-1
499560002341044224	63	61	-1
499560002341044224	64	57	-1
499560002341044224	65	61	1
499560002341044224	66	59	-1
499560002341044224	67	62	1
499560002341044224	68	66	-1
499560002341044224	69	67	1
499560002341044224	70	63	1
499560002341044224	71	70	1
499560002341044224	72	69	1
499560002341044224	73	71	-1
499560002341044224	74	72	-1
499560002341044224	75	73	1
499560002341044224	76	73	1
499560002341044224	77	74	-1
499560002341044224	78	77	1
499560002341044224	79	64	-1
499560002341044224	80	64	1
499560002341044224	81	64	-1
499560002341044224	82	81	1
499560002341044224	83	30	1
499560002341044224	84	1	-1
499560002341044224	85	1	1
499560002341044224	86	1	1
499560002341044224	87	1	1
499560002341044224	88	32	-1
499560002341044224	89	8	1
499560002341044224	90	89	1
499560002341044224	91	8	-1
499560002341044224	92	8	-1
499560002341044224	93	91	1
499560002341044224	94	8	1
499560002341044224	95	92	1
499560002341044224	96	8	-1
499560002341044224	97	94	1
499560002341044224	98	96	1
499560002341044224	99	8	-1
499560002341044224	100	99	1
499560002341044224	101	90	-1
499560002341044224	102	90	-1
