499611719090450432	1	1	1
499611719090450432	2	1	1
499611719090450432	3	2	-1
499611719090450432	4	3	1
499611719090450432	5	1	-1
499611719090450432	6	3	1
499611719090450432	7	4	1
499611719090450432	8	6	-1
499611719090450432	9	7	-1
499611719090450432	10	5	1
499611719090450432	11	9	-1
499611719090450432	12	5	1
499611719090450432	13	11	1
499611719090450432	14	11	1
499611719090450432	15	10	1
499611719090450432	16	13	1
499611719090450432	17	1	1
499611719090450432	18	17	-1
499611719090450432	19	15	-1
499611719090450432	20	15	1
499611719090450432	21	19	1
499611719090450432	22	18	1
499611719090450432	23	12	-1
499611719090450432	24	22	1
499611719090450432	25	23	1
499611719090450432	26	1	1
499611719090450432	27	25	1
499611719090450432	28	27	-1
499611719090450432	29	1	1
499611719090450432	30	8	-1
499611719090450432	31	1	1
499611719090450432	32	1	1
499611719090450432	33	31	1
499611719090450432	34	32	1
499611719090450432	35	30	-1
499611719090450432	36	35	1
499611719090450432	37	33	-1
499611719090450432	38	36	1
499611719090450432	39	38	1
499611719090450432	40	37	1
499611719090450432	41	37	1
499611719090450432	42	1	-1
499611719090450432	43	40	1
499611719090450432	44	38	1
499611719090450432	45	37	-1
499611719090450432	46	43	1
499611719090450432	47	46	-1
499611719090450432	48	1	1
499611719090450432	49	47	1
499611719090450432	50	49	-1
499611719090450432	51	1	-1
499611719090450432	52	1	1
499611719090450432	53	1	1
499611719090450432	54	1	-1
499611719090450432	55	1	1
499611719090450432	56	55	1
499611719090450432	57	1	-1
499611719090450432	58	57	-1
499611719090450432	59	57	-1
499611719090450432	60	58	-1
499611719090450432	61	58	-1
499611719090450432	62	60	-1
499611719090450432	63	60	1
499611719090450432	64	63	1
499611719090450432	65	64	-1
499611719090450432	66	65	1
499611719090450432	67	66	-1
499611719090450432	68	67	1
499611719090450432	69	68	-1
499611719090450432	70	69	-1
499611719090450432	71	70	-1
