499697887434248192	1	1	1
499697887434248192	2	1	1
499697887434248192	3	1	-1
499697887434248192	4	1	1
499697887434248192	5	1	1
499697887434248192	6	1	1
499697887434248192	7	1	-1
499697887434248192	8	1	-1
499697887434248192	9	1	1
499697887434248192	10	1	-1
499697887434248192	11	1	1
499697887434248192	12	1	1
499697887434248192	13	1	1
499697887434248192	14	1	1
499697887434248192	15	1	-1
499697887434248192	16	1	1
499697887434248192	17	1	1
499697887434248192	18	1	-1
499697887434248192	19	1	-1
499697887434248192	20	1	-1
499697887434248192	21	1	-1
