499671635067437056	1	1	1
499671635067437056	2	1	1
499671635067437056	3	1	-1
499671635067437056	4	1	1
499671635067437056	5	3	1
499671635067437056	6	5	1
499671635067437056	7	5	1
499671635067437056	8	7	1
499671635067437056	9	1	1
499671635067437056	10	1	1
499671635067437056	11	8	1
499671635067437056	12	11	1
499671635067437056	13	3	1
499671635067437056	14	13	1
499671635067437056	15	14	1
499671635067437056	16	15	-1
499671635067437056	17	1	1
499671635067437056	18	1	1
499671635067437056	19	1	-1
499671635067437056	20	1	-1
499671635067437056	21	1	-1
499671635067437056	22	1	-1
