499696948296028160	1	1	1
499696948296028160	2	1	1
499696948296028160	3	1	-1
499696948296028160	4	2	1
499696948296028160	5	3	1
499696948296028160	6	4	1
499696948296028160	7	3	1
499696948296028160	8	6	-1
499696948296028160	9	8	1
499696948296028160	10	1	-1
499696948296028160	11	1	1
499696948296028160	12	1	1
499696948296028160	13	8	-1
499696948296028160	14	11	-1
499696948296028160	15	5	-1
499696948296028160	16	1	-1
499696948296028160	17	14	1
499696948296028160	18	9	1
499696948296028160	19	7	1
499696948296028160	20	1	-1
499696948296028160	21	11	1
499696948296028160	22	19	1
499696948296028160	23	7	-1
499696948296028160	24	13	1
499696948296028160	25	1	-1
499696948296028160	26	18	1
499696948296028160	27	17	1
499696948296028160	28	15	-1
499696948296028160	29	1	-1
499696948296028160	30	6	1
499696948296028160	31	21	1
499696948296028160	32	19	-1
499696948296028160	33	22	-1
499696948296028160	34	27	-1
499696948296028160	35	22	1
499696948296028160	36	26	-1
499696948296028160	37	18	1
499696948296028160	38	30	-1
499696948296028160	39	18	1
499696948296028160	40	29	1
499696948296028160	41	36	-1
499696948296028160	42	33	-1
499696948296028160	43	9	-1
499696948296028160	44	36	1
499696948296028160	45	33	1
499696948296028160	46	40	-1
499696948296028160	47	41	-1
499696948296028160	48	42	-1
499696948296028160	49	42	1
499696948296028160	50	24	-1
499696948296028160	51	43	1
499696948296028160	52	29	1
499696948296028160	53	47	1
499696948296028160	54	48	-1
499696948296028160	55	16	1
499696948296028160	56	50	-1
499696948296028160	57	44	-1
499696948296028160	58	18	1
499696948296028160	59	51	-1
499696948296028160	60	54	1
499696948296028160	61	29	1
499696948296028160	62	56	-1
499696948296028160	63	1	1
499696948296028160	64	22	1
499696948296028160	65	57	-1
499696948296028160	66	52	-1
499696948296028160	67	61	1
499696948296028160	68	64	1
499696948296028160	69	64	1
499696948296028160	70	67	1
499696948296028160	71	13	-1
499696948296028160	72	45	-1
499696948296028160	73	70	-1
499696948296028160	74	71	-1
499696948296028160	75	72	1
499696948296028160	76	67	-1
499696948296028160	77	72	1
499696948296028160	78	1	1
499696948296028160	79	72	1
499696948296028160	80	75	-1
499696948296028160	81	77	-1
499696948296028160	82	59	1
499696948296028160	83	69	-1
499696948296028160	84	81	-1
499696948296028160	85	63	1
499696948296028160	86	81	-1
499696948296028160	87	71	1
499696948296028160	88	84	1
499696948296028160	89	87	1
499696948296028160	90	87	1
499696948296028160	91	38	1
499696948296028160	92	86	-1
499696948296028160	93	1	-1
499696948296028160	94	28	1
499696948296028160	95	91	1
499696948296028160	96	92	1
499696948296028160	97	92	1
499696948296028160	98	95	1
499696948296028160	99	97	-1
499696948296028160	100	94	-1
499696948296028160	101	62	-1
499696948296028160	102	96	-1
499696948296028160	103	98	-1
499696948296028160	104	99	1
499696948296028160	105	96	1
499696948296028160	106	102	1
499696948296028160	107	101	-1
499696948296028160	108	89	-1
499696948296028160	109	106	-1
499696948296028160	110	100	1
499696948296028160	111	102	1
499696948296028160	112	102	-1
499696948296028160	113	110	1
499696948296028160	114	105	-1
499696948296028160	115	113	1
499696948296028160	116	1	-1
499696948296028160	117	115	-1
499696948296028160	118	116	-1
499696948296028160	119	116	-1
499696948296028160	120	118	1
499696948296028160	121	120	1
499696948296028160	122	114	1
499696948296028160	123	121	-1
499696948296028160	124	117	-1
499696948296028160	125	123	1
499696948296028160	126	122	1
499696948296028160	127	125	-1
499696948296028160	128	123	-1
499696948296028160	129	126	-1
499696948296028160	130	127	1
499696948296028160	131	42	-1
499696948296028160	132	130	-1
499696948296028160	133	129	1
499696948296028160	134	125	1
499696948296028160	135	121	-1
499696948296028160	136	130	-1
499696948296028160	137	129	1
499696948296028160	138	135	-1
499696948296028160	139	136	-1
499696948296028160	140	139	-1
499696948296028160	141	140	-1
499696948296028160	142	141	1
499696948296028160	143	142	1
499696948296028160	144	143	-1
499696948296028160	145	144	1
499696948296028160	146	95	1
499696948296028160	147	145	1
499696948296028160	148	1	1
499696948296028160	149	148	1
499696948296028160	150	147	-1
499696948296028160	151	148	1
499696948296028160	152	150	1
499696948296028160	153	118	1
499696948296028160	154	153	-1
499696948296028160	155	151	-1
499696948296028160	156	131	-1
499696948296028160	157	153	1
499696948296028160	158	150	1
499696948296028160	159	158	1
499696948296028160	160	150	-1
499696948296028160	161	160	1
499696948296028160	162	159	-1
499696948296028160	163	162	1
499696948296028160	164	156	-1
499696948296028160	165	156	1
499696948296028160	166	165	-1
499696948296028160	167	1	-1
499696948296028160	168	157	-1
499696948296028160	169	157	1
499696948296028160	170	168	1
499696948296028160	171	170	1
499696948296028160	172	170	1
499696948296028160	173	170	1
499696948296028160	174	18	1
499696948296028160	175	174	1
499696948296028160	176	85	-1
499696948296028160	177	176	-1
