499700838127120386	1	1	1
499700838127120386	2	1	1
499700838127120386	3	1	1
499700838127120386	4	1	-1
499700838127120386	5	1	1
499700838127120386	6	4	1
499700838127120386	7	1	-1
499700838127120386	8	1	-1
499700838127120386	9	1	-1
499700838127120386	10	2	-1
499700838127120386	11	6	1
499700838127120386	12	11	1
499700838127120386	13	11	-1
499700838127120386	14	10	-1
499700838127120386	15	14	-1
499700838127120386	16	14	1
499700838127120386	17	16	-1
499700838127120386	18	16	-1
499700838127120386	19	17	1
499700838127120386	20	18	-1
499700838127120386	21	17	1
499700838127120386	22	21	1
499700838127120386	23	22	-1
499700838127120386	24	1	-1
499700838127120386	25	1	1
499700838127120386	26	25	1
499700838127120386	27	26	1
499700838127120386	28	1	-1
499700838127120386	29	1	1
499700838127120386	30	1	1
499700838127120386	31	27	-1
499700838127120386	32	31	-1
499700838127120386	33	31	1
499700838127120386	34	1	1
499700838127120386	35	22	-1
499700838127120386	36	4	-1
499700838127120386	37	1	1
499700838127120386	38	22	1
499700838127120386	39	36	-1
499700838127120386	40	39	-1
499700838127120386	41	1	-1
499700838127120386	42	38	-1
499700838127120386	43	42	-1
499700838127120386	44	43	1
