499706065769201666	1	1	1
499706065769201666	2	1	-1
499706065769201666	3	1	1
499706065769201666	4	1	-1
499706065769201666	5	1	-1
499706065769201666	6	1	-1
499706065769201666	7	6	1
499706065769201666	8	1	-1
499706065769201666	9	1	1
499706065769201666	10	1	1
499706065769201666	11	1	1
499706065769201666	12	1	-1
499706065769201666	13	1	-1
499706065769201666	14	1	-1
499706065769201666	15	1	-1
499706065769201666	16	1	-1
499706065769201666	17	6	-1
499706065769201666	18	1	-1
499706065769201666	19	1	-1
499706065769201666	20	1	1
499706065769201666	21	1	1
499706065769201666	22	1	1
499706065769201666	23	1	1
499706065769201666	24	1	-1
499706065769201666	25	1	1
499706065769201666	26	1	1
499706065769201666	27	1	1
499706065769201666	28	1	1
499706065769201666	29	4	1
499706065769201666	30	16	1
499706065769201666	31	16	-1
499706065769201666	32	16	1
499706065769201666	33	16	1
499706065769201666	34	33	1
499706065769201666	35	31	1
499706065769201666	36	35	-1
499706065769201666	37	1	1
499706065769201666	38	1	1
499706065769201666	39	1	1
