500071770192216065	1	1	1
500071770192216065	2	1	-1
500071770192216065	3	1	-1
500071770192216065	4	1	1
500071770192216065	5	1	1
500071770192216065	6	1	1
500071770192216065	7	1	1
500071770192216065	8	1	1
500071770192216065	9	1	1
500071770192216065	10	1	-1
500071770192216065	11	1	-1
500071770192216065	12	1	-1
500071770192216065	13	1	1
500071770192216065	14	1	-1
500071770192216065	15	1	-1
500071770192216065	16	1	-1
500071770192216065	17	16	1
500071770192216065	18	16	1
500071770192216065	19	1	-1
500071770192216065	20	1	1
500071770192216065	21	1	-1
