500070699768496128	1	1	1
500070699768496128	2	1	-1
500070699768496128	3	1	-1
500070699768496128	4	1	1
500070699768496128	5	1	-1
500070699768496128	6	1	1
500070699768496128	7	1	-1
500070699768496128	8	1	-1
500070699768496128	9	7	-1
500070699768496128	10	9	-1
500070699768496128	11	1	1
500070699768496128	12	1	1
500070699768496128	13	1	-1
500070699768496128	14	1	-1
500070699768496128	15	1	1
500070699768496128	16	1	1
500070699768496128	17	1	-1
500070699768496128	18	1	-1
500070699768496128	19	1	1
500070699768496128	20	18	-1
500070699768496128	21	1	1
500070699768496128	22	21	1
500070699768496128	23	1	1
500070699768496128	24	1	-1
500070699768496128	25	24	-1
500070699768496128	26	25	1
500070699768496128	27	1	1
500070699768496128	28	25	-1
500070699768496128	29	1	-1
500070699768496128	30	1	1
500070699768496128	31	30	1
500070699768496128	32	31	1
500070699768496128	33	1	1
