500175929902395392	1	1	1
500175929902395392	2	1	1
500175929902395392	3	2	1
500175929902395392	4	1	1
500175929902395392	5	3	1
500175929902395392	6	5	1
500175929902395392	7	5	1
500175929902395392	8	5	-1
500175929902395392	9	6	1
500175929902395392	10	9	-1
500175929902395392	11	2	-1
500175929902395392	12	11	1
500175929902395392	13	12	1
500175929902395392	14	13	1
500175929902395392	15	13	-1
500175929902395392	16	13	1
500175929902395392	17	13	1
500175929902395392	18	13	-1
500175929902395392	19	13	-1
500175929902395392	20	19	1
500175929902395392	21	19	1
500175929902395392	22	19	1
