500237448798949376	1	1	1
500237448798949376	2	1	1
500237448798949376	3	1	-1
500237448798949376	4	1	-1
500237448798949376	5	1	-1
500237448798949376	6	1	1
500237448798949376	7	1	1
500237448798949376	8	1	-1
500237448798949376	9	1	1
500237448798949376	10	1	1
500237448798949376	11	1	1
500237448798949376	12	1	-1
500237448798949376	13	1	-1
500237448798949376	14	1	1
500237448798949376	15	5	-1
500237448798949376	16	1	-1
500237448798949376	17	1	1
500237448798949376	18	1	1
500237448798949376	19	1	-1
500237448798949376	20	1	1
500237448798949376	21	1	-1
