500286984162525184	1	1	1
500286984162525184	2	1	1
500286984162525184	3	1	-1
500286984162525184	4	1	1
500286984162525184	5	1	1
500286984162525184	6	3	1
500286984162525184	7	2	-1
500286984162525184	8	6	1
500286984162525184	9	6	1
500286984162525184	10	8	1
500286984162525184	11	10	1
500286984162525184	12	8	1
500286984162525184	13	12	1
500286984162525184	14	9	1
500286984162525184	15	13	-1
500286984162525184	16	14	1
500286984162525184	17	9	1
500286984162525184	18	13	1
500286984162525184	19	15	1
500286984162525184	20	11	1
500286984162525184	21	20	-1
500286984162525184	22	19	1
500286984162525184	23	7	-1
500286984162525184	24	22	-1
500286984162525184	25	4	1
500286984162525184	26	19	-1
500286984162525184	27	17	-1
500286984162525184	28	21	-1
500286984162525184	29	26	-1
500286984162525184	30	16	-1
500286984162525184	31	28	-1
500286984162525184	32	27	-1
500286984162525184	33	23	-1
500286984162525184	34	30	1
500286984162525184	35	31	1
500286984162525184	36	33	1
500286984162525184	37	32	-1
500286984162525184	38	35	-1
500286984162525184	39	27	1
500286984162525184	40	14	1
500286984162525184	41	1	-1
500286984162525184	42	29	1
500286984162525184	43	32	1
500286984162525184	44	17	-1
500286984162525184	45	39	-1
500286984162525184	46	30	-1
500286984162525184	47	43	1
500286984162525184	48	35	-1
500286984162525184	49	44	-1
500286984162525184	50	47	1
500286984162525184	51	37	1
500286984162525184	52	1	-1
500286984162525184	53	48	1
500286984162525184	54	47	1
500286984162525184	55	51	1
500286984162525184	56	53	1
500286984162525184	57	54	-1
500286984162525184	58	45	-1
500286984162525184	59	56	1
500286984162525184	60	50	1
500286984162525184	61	58	-1
500286984162525184	62	60	1
500286984162525184	63	55	1
500286984162525184	64	63	1
500286984162525184	65	61	1
500286984162525184	66	63	1
500286984162525184	67	65	-1
500286984162525184	68	66	1
500286984162525184	69	67	1
500286984162525184	70	69	-1
500286984162525184	71	70	1
500286984162525184	72	71	1
500286984162525184	73	49	-1
500286984162525184	74	68	-1
500286984162525184	75	72	1
500286984162525184	76	73	-1
500286984162525184	77	50	-1
500286984162525184	78	1	1
500286984162525184	79	77	-1
500286984162525184	80	74	1
500286984162525184	81	75	-1
500286984162525184	82	1	-1
500286984162525184	83	54	1
500286984162525184	84	80	1
500286984162525184	85	81	1
500286984162525184	86	84	-1
500286984162525184	87	83	1
500286984162525184	88	87	1
500286984162525184	89	83	1
500286984162525184	90	86	1
500286984162525184	91	85	-1
500286984162525184	92	89	-1
500286984162525184	93	60	-1
500286984162525184	94	91	-1
500286984162525184	95	29	1
500286984162525184	96	94	1
500286984162525184	97	93	-1
500286984162525184	98	96	1
500286984162525184	99	29	1
500286984162525184	100	97	1
500286984162525184	101	100	-1
500286984162525184	102	29	1
500286984162525184	103	95	1
500286984162525184	104	80	1
500286984162525184	105	100	-1
500286984162525184	106	87	-1
500286984162525184	107	106	-1
500286984162525184	108	95	-1
500286984162525184	109	101	-1
500286984162525184	110	107	-1
500286984162525184	111	104	-1
500286984162525184	112	1	-1
500286984162525184	113	2	1
500286984162525184	114	4	1
500286984162525184	115	5	1
500286984162525184	116	6	1
500286984162525184	117	113	1
500286984162525184	118	116	-1
500286984162525184	119	116	1
500286984162525184	120	119	-1
500286984162525184	121	120	1
500286984162525184	122	48	1
500286984162525184	123	121	1
500286984162525184	124	117	1
500286984162525184	125	99	1
500286984162525184	126	95	1
500286984162525184	127	6	1
500286984162525184	128	109	1
500286984162525184	129	103	-1
500286984162525184	130	118	1
