500280477920796672	1	1	1
500280477920796672	2	1	1
500280477920796672	3	1	1
500280477920796672	4	1	-1
500280477920796672	5	1	-1
500280477920796672	6	1	-1
500280477920796672	7	1	-1
500280477920796672	8	1	-1
500280477920796672	9	1	1
500280477920796672	10	1	1
500280477920796672	11	1	-1
500280477920796672	12	1	-1
500280477920796672	13	1	1
500280477920796672	14	1	1
500280477920796672	15	1	1
500280477920796672	16	1	-1
500280477920796672	17	1	1
500280477920796672	18	17	1
500280477920796672	19	1	1
500280477920796672	20	1	1
500280477920796672	21	1	-1
500280477920796672	22	19	1
500280477920796672	23	12	1
500280477920796672	24	1	1
500280477920796672	25	1	1
500280477920796672	26	1	-1
500280477920796672	27	21	1
500280477920796672	28	22	-1
500280477920796672	29	27	-1
500280477920796672	30	22	-1
500280477920796672	31	30	1
500280477920796672	32	31	1
500280477920796672	33	24	1
500280477920796672	34	1	-1
500280477920796672	35	1	1
500280477920796672	36	1	-1
500280477920796672	37	18	1
500280477920796672	38	24	-1
500280477920796672	39	33	-1
