500294693356175360	1	1	1
500294693356175360	2	1	-1
500294693356175360	3	2	-1
500294693356175360	4	3	1
500294693356175360	5	1	1
500294693356175360	6	1	-1
500294693356175360	7	1	1
500294693356175360	8	1	1
500294693356175360	9	1	1
500294693356175360	10	3	-1
500294693356175360	11	10	1
500294693356175360	12	1	1
500294693356175360	13	12	-1
500294693356175360	14	10	1
500294693356175360	15	14	-1
500294693356175360	16	14	-1
500294693356175360	17	16	1
500294693356175360	18	1	-1
500294693356175360	19	17	1
500294693356175360	20	19	-1
500294693356175360	21	1	1
500294693356175360	22	20	-1
500294693356175360	23	10	1
500294693356175360	24	22	1
500294693356175360	25	23	1
500294693356175360	26	23	1
500294693356175360	27	26	-1
500294693356175360	28	27	-1
500294693356175360	29	28	1
500294693356175360	30	1	1
500294693356175360	31	1	1
500294693356175360	32	1	-1
500294693356175360	33	1	1
500294693356175360	34	1	1
500294693356175360	35	1	1
