500290456845299714	1	1	1
500290456845299714	2	1	-1
500290456845299714	3	1	-1
500290456845299714	4	1	1
500290456845299714	5	1	-1
500290456845299714	6	1	1
500290456845299714	7	3	1
500290456845299714	8	1	-1
500290456845299714	9	1	1
500290456845299714	10	9	-1
500290456845299714	11	9	1
500290456845299714	12	1	-1
500290456845299714	13	1	-1
500290456845299714	14	10	1
500290456845299714	15	1	1
500290456845299714	16	1	1
500290456845299714	17	12	-1
500290456845299714	18	17	1
500290456845299714	19	18	-1
500290456845299714	20	7	1
500290456845299714	21	1	-1
500290456845299714	22	21	-1
500290456845299714	23	1	1
500290456845299714	24	4	-1
500290456845299714	25	6	1
500290456845299714	26	24	1
500290456845299714	27	26	1
500290456845299714	28	1	1
500290456845299714	29	27	-1
500290456845299714	30	8	1
500290456845299714	31	1	-1
500290456845299714	32	7	-1
500290456845299714	33	32	-1
500290456845299714	34	25	1
500290456845299714	35	32	-1
500290456845299714	36	32	-1
500290456845299714	37	34	1
500290456845299714	38	1	-1
