500298752469770240	1	1	1
500298752469770240	2	1	1
500298752469770240	3	1	1
500298752469770240	4	1	-1
500298752469770240	5	4	-1
500298752469770240	6	1	-1
500298752469770240	7	5	1
500298752469770240	8	1	1
500298752469770240	9	1	1
500298752469770240	10	1	1
500298752469770240	11	1	-1
500298752469770240	12	1	-1
500298752469770240	13	2	1
500298752469770240	14	1	1
500298752469770240	15	1	-1
500298752469770240	16	12	-1
500298752469770240	17	12	-1
500298752469770240	18	16	1
500298752469770240	19	17	-1
500298752469770240	20	17	-1
500298752469770240	21	18	-1
500298752469770240	22	21	1
500298752469770240	23	19	-1
500298752469770240	24	23	1
500298752469770240	25	22	1
500298752469770240	26	24	-1
500298752469770240	27	25	-1
500298752469770240	28	26	1
500298752469770240	29	28	-1
500298752469770240	30	29	1
500298752469770240	31	1	-1
500298752469770240	32	18	1
500298752469770240	33	3	-1
500298752469770240	34	33	-1
500298752469770240	35	34	-1
500298752469770240	36	35	-1
500298752469770240	37	32	-1
500298752469770240	38	1	1
500298752469770240	39	37	-1
500298752469770240	40	39	-1
500298752469770240	41	1	1
500298752469770240	42	40	1
500298752469770240	43	36	1
500298752469770240	44	43	1
