500293392060780546	1	1	1
500293392060780546	2	1	1
500293392060780546	3	1	1
500293392060780546	4	1	-1
500293392060780546	5	1	1
500293392060780546	6	1	1
500293392060780546	7	1	1
500293392060780546	8	5	1
500293392060780546	9	1	1
500293392060780546	10	4	1
500293392060780546	11	8	1
500293392060780546	12	11	-1
500293392060780546	13	12	-1
500293392060780546	14	12	1
500293392060780546	15	10	-1
500293392060780546	16	8	-1
500293392060780546	17	15	-1
500293392060780546	18	16	1
500293392060780546	19	17	-1
500293392060780546	20	14	-1
500293392060780546	21	20	1
500293392060780546	22	19	1
500293392060780546	23	19	1
500293392060780546	24	23	-1
500293392060780546	25	23	1
500293392060780546	26	1	1
500293392060780546	27	24	1
500293392060780546	28	25	1
500293392060780546	29	1	1
500293392060780546	30	6	-1
500293392060780546	31	6	1
500293392060780546	32	1	-1
500293392060780546	33	28	1
500293392060780546	34	1	-1
500293392060780546	35	1	1
500293392060780546	36	1	1
500293392060780546	37	28	-1
500293392060780546	38	1	-1
500293392060780546	39	33	-1
500293392060780546	40	4	-1
500293392060780546	41	37	-1
500293392060780546	42	41	1
500293392060780546	43	35	1
500293392060780546	44	42	1
500293392060780546	45	44	-1
500293392060780546	46	45	-1
500293392060780546	47	42	1
500293392060780546	48	46	1
500293392060780546	49	42	-1
500293392060780546	50	47	-1
500293392060780546	51	48	1
500293392060780546	52	50	-1
500293392060780546	53	49	-1
500293392060780546	54	50	-1
500293392060780546	55	50	1
500293392060780546	56	47	-1
500293392060780546	57	50	1
500293392060780546	58	52	-1
500293392060780546	59	58	1
500293392060780546	60	59	-1
500293392060780546	61	55	1
500293392060780546	62	60	-1
500293392060780546	63	60	-1
500293392060780546	64	62	-1
500293392060780546	65	61	-1
500293392060780546	66	61	1
500293392060780546	67	64	1
500293392060780546	68	63	-1
500293392060780546	69	66	1
500293392060780546	70	68	1
500293392060780546	71	69	-1
500293392060780546	72	69	1
500293392060780546	73	67	1
500293392060780546	74	69	1
500293392060780546	75	1	-1
500293392060780546	76	72	-1
500293392060780546	77	73	-1
500293392060780546	78	77	1
500293392060780546	79	76	1
500293392060780546	80	79	1
500293392060780546	81	78	1
500293392060780546	82	78	1
500293392060780546	83	82	1
500293392060780546	84	81	1
500293392060780546	85	82	1
500293392060780546	86	83	-1
500293392060780546	87	1	-1
500293392060780546	88	82	-1
500293392060780546	89	86	-1
500293392060780546	90	86	-1
500293392060780546	91	1	1
500293392060780546	92	85	-1
500293392060780546	93	92	-1
500293392060780546	94	92	-1
500293392060780546	95	92	-1
500293392060780546	96	1	1
500293392060780546	97	93	-1
500293392060780546	98	92	1
500293392060780546	99	92	-1
500293392060780546	100	92	1
500293392060780546	101	97	1
500293392060780546	102	95	1
500293392060780546	103	92	-1
500293392060780546	104	92	1
500293392060780546	105	102	1
500293392060780546	106	105	-1
500293392060780546	107	102	-1
500293392060780546	108	102	-1
500293392060780546	109	105	1
500293392060780546	110	102	1
500293392060780546	111	102	-1
500293392060780546	112	106	1
500293392060780546	113	106	-1
500293392060780546	114	112	1
500293392060780546	115	112	1
500293392060780546	116	114	-1
500293392060780546	117	114	-1
500293392060780546	118	114	-1
500293392060780546	119	117	1
500293392060780546	120	117	1
500293392060780546	121	118	1
500293392060780546	122	119	1
500293392060780546	123	119	-1
500293392060780546	124	120	1
500293392060780546	125	122	1
500293392060780546	126	125	1
500293392060780546	127	123	1
500293392060780546	128	126	1
500293392060780546	129	128	-1
500293392060780546	130	126	1
500293392060780546	131	129	-1
500293392060780546	132	128	-1
500293392060780546	133	132	1
500293392060780546	134	34	1
500293392060780546	135	133	1
500293392060780546	136	1	-1
