500295333486657536	1	1	1
500295333486657536	2	1	1
500295333486657536	3	2	-1
500295333486657536	4	1	1
500295333486657536	5	4	-1
500295333486657536	6	1	-1
500295333486657536	7	6	1
500295333486657536	8	1	1
500295333486657536	9	8	1
500295333486657536	10	1	1
500295333486657536	11	1	-1
500295333486657536	12	1	1
500295333486657536	13	1	1
500295333486657536	14	1	1
500295333486657536	15	1	1
500295333486657536	16	1	-1
500295333486657536	17	1	1
500295333486657536	18	1	1
500295333486657536	19	1	-1
500295333486657536	20	19	1
500295333486657536	21	1	1
500295333486657536	22	1	1
500295333486657536	23	1	1
500295333486657536	24	1	1
500295333486657536	25	1	-1
500295333486657536	26	1	-1
500295333486657536	27	1	1
500295333486657536	28	1	-1
500295333486657536	29	20	-1
