500290977798836225	1	1	1
500290977798836225	2	1	-1
500290977798836225	3	1	-1
500290977798836225	4	1	-1
500290977798836225	5	1	1
500290977798836225	6	1	1
500290977798836225	7	1	1
500290977798836225	8	7	1
500290977798836225	9	6	-1
500290977798836225	10	6	1
500290977798836225	11	1	1
500290977798836225	12	1	-1
500290977798836225	13	1	-1
500290977798836225	14	9	1
500290977798836225	15	1	-1
500290977798836225	16	1	-1
500290977798836225	17	1	1
500290977798836225	18	1	1
500290977798836225	19	1	-1
500290977798836225	20	12	1
500290977798836225	21	20	-1
