500286058664579072	1	1	1
500286058664579072	2	1	-1
500286058664579072	3	1	1
500286058664579072	4	1	1
500286058664579072	5	1	1
500286058664579072	6	1	1
500286058664579072	7	1	-1
500286058664579072	8	1	1
500286058664579072	9	1	-1
500286058664579072	10	1	1
500286058664579072	11	1	1
500286058664579072	12	1	-1
500286058664579072	13	1	1
500286058664579072	14	10	-1
500286058664579072	15	1	1
500286058664579072	16	14	-1
500286058664579072	17	1	1
500286058664579072	18	16	-1
500286058664579072	19	1	-1
500286058664579072	20	18	-1
500286058664579072	21	1	-1
500286058664579072	22	16	1
500286058664579072	23	20	1
500286058664579072	24	22	-1
500286058664579072	25	23	-1
500286058664579072	26	24	-1
500286058664579072	27	1	1
500286058664579072	28	1	-1
500286058664579072	29	3	1
500286058664579072	30	5	1
500286058664579072	31	30	1
500286058664579072	32	8	-1
500286058664579072	33	29	1
500286058664579072	34	1	1
500286058664579072	35	34	-1
500286058664579072	36	2	-1
500286058664579072	37	22	-1
500286058664579072	38	37	1
500286058664579072	39	38	-1
500286058664579072	40	39	1
500286058664579072	41	40	-1
500286058664579072	42	41	1
500286058664579072	43	1	1
500286058664579072	44	1	-1
500286058664579072	45	40	1
500286058664579072	46	18	1
500286058664579072	47	46	-1
500286058664579072	48	1	-1
500286058664579072	49	43	-1
500286058664579072	50	1	-1
500286058664579072	51	1	1
500286058664579072	52	49	-1
500286058664579072	53	1	-1
500286058664579072	54	46	-1
500286058664579072	55	54	1
500286058664579072	56	54	1
500286058664579072	57	54	1
500286058664579072	58	54	1
500286058664579072	59	52	-1
500286058664579072	60	52	1
500286058664579072	61	52	-1
500286058664579072	62	56	-1
500286058664579072	63	61	-1
500286058664579072	64	63	1
500286058664579072	65	1	-1
500286058664579072	66	63	-1
500286058664579072	67	4	-1
500286058664579072	68	67	-1
500286058664579072	69	68	-1
500286058664579072	70	68	1
500286058664579072	71	69	1
500286058664579072	72	70	-1
500286058664579072	73	1	1
500286058664579072	74	1	-1
