500336040440516608	1	1	1
500336040440516608	2	1	1
500336040440516608	3	1	-1
500336040440516608	4	1	-1
500336040440516608	5	1	-1
500336040440516608	6	4	-1
500336040440516608	7	1	-1
500336040440516608	8	4	1
500336040440516608	9	6	-1
500336040440516608	10	8	1
500336040440516608	11	8	1
500336040440516608	12	5	1
500336040440516608	13	1	-1
500336040440516608	14	8	-1
500336040440516608	15	11	-1
500336040440516608	16	15	-1
500336040440516608	17	5	-1
500336040440516608	18	16	-1
500336040440516608	19	9	-1
