500376174095511552	1	1	1
500376174095511552	2	1	1
500376174095511552	3	1	-1
500376174095511552	4	1	-1
500376174095511552	5	1	-1
500376174095511552	6	1	-1
500376174095511552	7	1	-1
500376174095511552	8	1	-1
500376174095511552	9	1	1
500376174095511552	10	6	1
500376174095511552	11	6	-1
500376174095511552	12	10	-1
500376174095511552	13	11	1
500376174095511552	14	1	-1
500376174095511552	15	12	-1
500376174095511552	16	12	1
500376174095511552	17	12	-1
500376174095511552	18	10	-1
500376174095511552	19	10	-1
500376174095511552	20	10	-1
500376174095511552	21	17	-1
500376174095511552	22	10	-1
500376174095511552	23	1	-1
500376174095511552	24	19	1
500376174095511552	25	13	-1
500376174095511552	26	13	-1
500376174095511552	27	13	1
500376174095511552	28	24	1
500376174095511552	29	19	-1
500376174095511552	30	27	1
500376174095511552	31	20	1
500376174095511552	32	21	1
500376174095511552	33	21	-1
500376174095511552	34	29	1
500376174095511552	35	30	-1
500376174095511552	36	30	-1
500376174095511552	37	34	1
500376174095511552	38	36	1
500376174095511552	39	30	1
500376174095511552	40	37	1
500376174095511552	41	39	-1
500376174095511552	42	30	-1
500376174095511552	43	30	-1
500376174095511552	44	42	1
500376174095511552	45	41	1
500376174095511552	46	41	1
500376174095511552	47	41	1
500376174095511552	48	1	1
500376174095511552	49	44	-1
500376174095511552	50	49	-1
500376174095511552	51	50	1
500376174095511552	52	50	1
500376174095511552	53	50	-1
500376174095511552	54	53	-1
500376174095511552	55	54	1
500376174095511552	56	55	1
500376174095511552	57	56	-1
500376174095511552	58	57	1
500376174095511552	59	1	1
500376174095511552	60	1	-1
500376174095511552	61	54	-1
500376174095511552	62	58	1
500376174095511552	63	1	1
500376174095511552	64	1	1
