500328049058279424	1	1	1
500328049058279424	2	1	1
500328049058279424	3	1	-1
500328049058279424	4	1	-1
500328049058279424	5	1	1
500328049058279424	6	1	-1
500328049058279424	7	1	1
500328049058279424	8	1	-1
500328049058279424	9	1	-1
500328049058279424	10	1	-1
500328049058279424	11	8	-1
500328049058279424	12	1	-1
500328049058279424	13	1	-1
500328049058279424	14	12	-1
500328049058279424	15	8	1
500328049058279424	16	14	-1
500328049058279424	17	8	-1
500328049058279424	18	4	-1
500328049058279424	19	8	-1
500328049058279424	20	14	-1
500328049058279424	21	16	1
500328049058279424	22	14	-1
500328049058279424	23	18	1
500328049058279424	24	4	-1
500328049058279424	25	11	-1
500328049058279424	26	23	-1
500328049058279424	27	24	1
500328049058279424	28	26	-1
500328049058279424	29	8	1
500328049058279424	30	12	1
500328049058279424	31	27	-1
500328049058279424	32	1	1
500328049058279424	33	14	1
500328049058279424	34	8	1
500328049058279424	35	1	-1
500328049058279424	36	29	-1
500328049058279424	37	30	-1
500328049058279424	38	14	1
500328049058279424	39	33	1
500328049058279424	40	1	1
500328049058279424	41	31	1
500328049058279424	42	25	1
500328049058279424	43	1	-1
500328049058279424	44	1	-1
500328049058279424	45	41	1
500328049058279424	46	42	1
500328049058279424	47	1	-1
500328049058279424	48	36	1
500328049058279424	49	41	1
500328049058279424	50	44	-1
500328049058279424	51	45	1
500328049058279424	52	49	-1
500328049058279424	53	50	-1
500328049058279424	54	53	-1
500328049058279424	55	46	-1
500328049058279424	56	13	-1
500328049058279424	57	37	-1
500328049058279424	58	1	-1
500328049058279424	59	57	1
500328049058279424	60	46	-1
500328049058279424	61	55	-1
500328049058279424	62	59	-1
500328049058279424	63	14	-1
500328049058279424	64	62	-1
500328049058279424	65	12	1
500328049058279424	66	21	-1
500328049058279424	67	38	-1
500328049058279424	68	64	1
500328049058279424	69	5	1
500328049058279424	70	1	-1
500328049058279424	71	1	-1
500328049058279424	72	61	1
500328049058279424	73	64	1
500328049058279424	74	68	1
500328049058279424	75	16	1
500328049058279424	76	73	1
500328049058279424	77	74	-1
500328049058279424	78	1	1
500328049058279424	79	70	-1
500328049058279424	80	77	1
500328049058279424	81	76	1
500328049058279424	82	72	-1
500328049058279424	83	81	-1
500328049058279424	84	80	-1
500328049058279424	85	81	1
500328049058279424	86	72	1
500328049058279424	87	81	-1
500328049058279424	88	84	-1
500328049058279424	89	72	-1
500328049058279424	90	87	-1
500328049058279424	91	90	-1
500328049058279424	92	88	-1
500328049058279424	93	90	1
500328049058279424	94	14	1
500328049058279424	95	90	-1
500328049058279424	96	92	-1
500328049058279424	97	94	1
500328049058279424	98	93	1
500328049058279424	99	98	1
500328049058279424	100	95	1
500328049058279424	101	98	1
500328049058279424	102	99	-1
500328049058279424	103	100	1
500328049058279424	104	101	-1
500328049058279424	105	102	-1
500328049058279424	106	103	1
500328049058279424	107	97	1
500328049058279424	108	104	1
500328049058279424	109	106	1
500328049058279424	110	107	1
500328049058279424	111	50	1
500328049058279424	112	111	1
500328049058279424	113	1	1
500328049058279424	114	69	1
500328049058279424	115	27	-1
500328049058279424	116	32	-1
500328049058279424	117	35	1
500328049058279424	118	117	1
500328049058279424	119	1	-1
500328049058279424	120	116	1
500328049058279424	121	114	1
500328049058279424	122	120	1
500328049058279424	123	114	-1
500328049058279424	124	122	-1
500328049058279424	125	124	-1
500328049058279424	126	125	1
500328049058279424	127	126	1
500328049058279424	128	127	1
500328049058279424	129	128	-1
500328049058279424	130	129	-1
500328049058279424	131	121	-1
500328049058279424	132	5	1
500328049058279424	133	132	-1
500328049058279424	134	132	1
500328049058279424	135	115	1
500328049058279424	136	131	1
500328049058279424	137	134	-1
500328049058279424	138	135	-1
500328049058279424	139	130	1
500328049058279424	140	139	-1
500328049058279424	141	138	1
500328049058279424	142	140	1
500328049058279424	143	141	1
500328049058279424	144	143	1
500328049058279424	145	144	1
500328049058279424	146	142	1
500328049058279424	147	144	1
500328049058279424	148	146	1
500328049058279424	149	145	-1
500328049058279424	150	148	-1
500328049058279424	151	147	-1
500328049058279424	152	149	-1
500328049058279424	153	151	1
500328049058279424	154	152	-1
500328049058279424	155	153	-1
500328049058279424	156	154	1
500328049058279424	157	153	1
500328049058279424	158	155	-1
500328049058279424	159	156	-1
500328049058279424	160	157	-1
500328049058279424	161	159	-1
500328049058279424	162	159	1
500328049058279424	163	159	1
500328049058279424	164	159	1
500328049058279424	165	164	1
500328049058279424	166	165	-1
500328049058279424	167	166	-1
500328049058279424	168	167	1
500328049058279424	169	167	-1
500328049058279424	170	4	-1
500328049058279424	171	1	-1
500328049058279424	172	1	-1
500328049058279424	173	1	-1
500328049058279424	174	1	-1
500328049058279424	175	1	1
