500355828227252225	1	1	1
500355828227252225	2	1	1
500355828227252225	3	1	-1
500355828227252225	4	1	-1
500355828227252225	5	1	-1
500355828227252225	6	1	-1
500355828227252225	7	1	1
500355828227252225	8	1	1
500355828227252225	9	1	-1
500355828227252225	10	1	1
500355828227252225	11	9	-1
500355828227252225	12	11	-1
500355828227252225	13	1	1
500355828227252225	14	13	1
500355828227252225	15	1	1
500355828227252225	16	1	1
500355828227252225	17	11	-1
500355828227252225	18	11	-1
500355828227252225	19	17	1
500355828227252225	20	17	-1
500355828227252225	21	13	1
500355828227252225	22	20	-1
500355828227252225	23	20	-1
500355828227252225	24	22	1
500355828227252225	25	20	1
500355828227252225	26	24	1
500355828227252225	27	24	-1
500355828227252225	28	27	-1
500355828227252225	29	28	-1
500355828227252225	30	28	1
500355828227252225	31	28	1
500355828227252225	32	1	1
500355828227252225	33	11	-1
500355828227252225	34	1	1
500355828227252225	35	31	-1
500355828227252225	36	33	1
500355828227252225	37	35	-1
500355828227252225	38	37	-1
500355828227252225	39	36	1
500355828227252225	40	36	-1
500355828227252225	41	40	1
500355828227252225	42	39	1
500355828227252225	43	42	-1
500355828227252225	44	43	1
500355828227252225	45	44	-1
500355828227252225	46	44	1
500355828227252225	47	44	1
500355828227252225	48	1	-1
500355828227252225	49	47	-1
500355828227252225	50	1	-1
500355828227252225	51	49	-1
500355828227252225	52	49	-1
500355828227252225	53	49	1
500355828227252225	54	1	-1
500355828227252225	55	1	1
500355828227252225	56	54	-1
500355828227252225	57	1	-1
500355828227252225	58	1	1
500355828227252225	59	1	1
500355828227252225	60	1	-1
500355828227252225	61	58	1
500355828227252225	62	57	1
500355828227252225	63	53	-1
500355828227252225	64	53	-1
500355828227252225	65	1	-1
500355828227252225	66	53	-1
500355828227252225	67	63	-1
500355828227252225	68	67	-1
500355828227252225	69	64	-1
500355828227252225	70	68	-1
500355828227252225	71	70	1
500355828227252225	72	71	-1
500355828227252225	73	72	1
500355828227252225	74	1	-1
500355828227252225	75	73	1
500355828227252225	76	61	1
500355828227252225	77	1	-1
500355828227252225	78	76	-1
500355828227252225	79	78	-1
500355828227252225	80	1	1
500355828227252225	81	11	1
500355828227252225	82	81	1
500355828227252225	83	82	1
