500393439482368000	1	1	1
500393439482368000	2	1	1
500393439482368000	3	1	1
500393439482368000	4	1	-1
500393439482368000	5	1	-1
500393439482368000	6	3	1
500393439482368000	7	6	-1
500393439482368000	8	1	-1
500393439482368000	9	1	1
500393439482368000	10	1	-1
500393439482368000	11	1	1
500393439482368000	12	1	1
500393439482368000	13	1	1
500393439482368000	14	1	-1
500393439482368000	15	1	1
500393439482368000	16	1	1
500393439482368000	17	15	1
500393439482368000	18	17	-1
500393439482368000	19	1	1
500393439482368000	20	1	1
500393439482368000	21	1	-1
500393439482368000	22	18	-1
500393439482368000	23	22	1
500393439482368000	24	22	-1
500393439482368000	25	24	1
500393439482368000	26	25	-1
500393439482368000	27	25	1
500393439482368000	28	1	1
500393439482368000	29	1	1
500393439482368000	30	1	-1
