500382270340214784	1	1	1
500382270340214784	2	1	-1
500382270340214784	3	1	-1
500382270340214784	4	1	-1
500382270340214784	5	1	-1
500382270340214784	6	1	1
500382270340214784	7	1	-1
500382270340214784	8	1	-1
500382270340214784	9	1	-1
500382270340214784	10	1	1
500382270340214784	11	1	-1
500382270340214784	12	1	-1
500382270340214784	13	1	1
500382270340214784	14	1	1
500382270340214784	15	1	1
500382270340214784	16	1	1
500382270340214784	17	1	-1
500382270340214784	18	1	1
500382270340214784	19	1	-1
500382270340214784	20	2	1
