500308574703452160	1	1	1
500308574703452160	2	1	-1
500308574703452160	3	2	1
500308574703452160	4	2	-1
500308574703452160	5	2	-1
500308574703452160	6	4	1
500308574703452160	7	6	1
500308574703452160	8	2	1
500308574703452160	9	8	-1
500308574703452160	10	6	1
500308574703452160	11	9	-1
500308574703452160	12	7	-1
500308574703452160	13	1	-1
500308574703452160	14	9	1
500308574703452160	15	10	-1
500308574703452160	16	10	1
500308574703452160	17	12	-1
500308574703452160	18	12	-1
500308574703452160	19	17	1
500308574703452160	20	17	-1
500308574703452160	21	19	-1
500308574703452160	22	20	-1
500308574703452160	23	22	-1
500308574703452160	24	22	1
500308574703452160	25	23	1
500308574703452160	26	23	-1
500308574703452160	27	26	-1
500308574703452160	28	27	-1
500308574703452160	29	27	1
500308574703452160	30	27	-1
500308574703452160	31	28	1
500308574703452160	32	30	1
500308574703452160	33	31	1
500308574703452160	34	31	-1
500308574703452160	35	33	-1
500308574703452160	36	32	1
500308574703452160	37	32	1
500308574703452160	38	34	1
500308574703452160	39	34	-1
500308574703452160	40	38	-1
500308574703452160	41	39	1
500308574703452160	42	41	1
500308574703452160	43	41	-1
500308574703452160	44	41	-1
500308574703452160	45	43	-1
500308574703452160	46	44	1
500308574703452160	47	45	1
500308574703452160	48	47	1
500308574703452160	49	48	-1
500308574703452160	50	48	-1
500308574703452160	51	47	1
500308574703452160	52	48	1
500308574703452160	53	47	1
500308574703452160	54	51	1
500308574703452160	55	54	1
500308574703452160	56	53	-1
500308574703452160	57	53	-1
500308574703452160	58	55	1
500308574703452160	59	37	1
500308574703452160	60	59	-1
500308574703452160	61	59	1
500308574703452160	62	59	-1
500308574703452160	63	62	1
500308574703452160	64	62	-1
500308574703452160	65	62	-1
500308574703452160	66	63	1
500308574703452160	67	63	-1
500308574703452160	68	66	1
500308574703452160	69	68	-1
500308574703452160	70	2	-1
500308574703452160	71	1	-1
500308574703452160	72	1	-1
