500339591392817152	1	1	1
500339591392817152	2	1	1
500339591392817152	3	1	1
500339591392817152	4	1	1
500339591392817152	5	1	1
500339591392817152	6	3	-1
500339591392817152	7	1	1
500339591392817152	8	1	-1
500339591392817152	9	1	-1
500339591392817152	10	1	-1
500339591392817152	11	1	1
500339591392817152	12	1	1
500339591392817152	13	1	1
500339591392817152	14	1	-1
500339591392817152	15	1	-1
500339591392817152	16	1	1
500339591392817152	17	1	-1
500339591392817152	18	1	1
500339591392817152	19	1	-1
500339591392817152	20	1	1
500339591392817152	21	1	-1
500339591392817152	22	1	-1
500339591392817152	23	1	1
500339591392817152	24	1	1
500339591392817152	25	1	1
500339591392817152	26	1	-1
500339591392817152	27	1	1
500339591392817152	28	1	-1
500339591392817152	29	1	1
500339591392817152	30	1	1
500339591392817152	31	1	-1
500339591392817152	32	1	-1
500339591392817152	33	1	1
500339591392817152	34	1	-1
500339591392817152	35	1	1
500339591392817152	36	1	-1
500339591392817152	37	36	1
