500332042648055808	1	1	1
500332042648055808	2	1	1
500332042648055808	3	1	-1
500332042648055808	4	2	1
500332042648055808	5	1	-1
500332042648055808	6	1	-1
500332042648055808	7	1	-1
500332042648055808	8	1	1
500332042648055808	9	7	1
500332042648055808	10	1	-1
500332042648055808	11	9	1
500332042648055808	12	1	1
500332042648055808	13	1	-1
500332042648055808	14	1	1
500332042648055808	15	1	-1
500332042648055808	16	1	-1
500332042648055808	17	2	1
500332042648055808	18	1	1
500332042648055808	19	3	-1
500332042648055808	20	1	1
500332042648055808	21	1	1
500332042648055808	22	1	1
500332042648055808	23	1	-1
500332042648055808	24	1	-1
500332042648055808	25	1	1
500332042648055808	26	1	1
500332042648055808	27	1	1
