500306837103968257	1	1	1
500306837103968257	2	1	1
500306837103968257	3	1	-1
500306837103968257	4	2	-1
500306837103968257	5	2	-1
500306837103968257	6	1	1
500306837103968257	7	1	1
500306837103968257	8	7	-1
500306837103968257	9	8	1
500306837103968257	10	8	-1
500306837103968257	11	9	1
500306837103968257	12	11	-1
500306837103968257	13	1	1
500306837103968257	14	10	1
500306837103968257	15	12	1
500306837103968257	16	1	-1
500306837103968257	17	14	1
500306837103968257	18	15	1
500306837103968257	19	1	-1
500306837103968257	20	17	1
500306837103968257	21	18	1
500306837103968257	22	17	1
500306837103968257	23	14	-1
500306837103968257	24	16	1
500306837103968257	25	21	-1
500306837103968257	26	18	1
500306837103968257	27	23	1
500306837103968257	28	23	1
500306837103968257	29	25	1
500306837103968257	30	25	1
500306837103968257	31	25	-1
500306837103968257	32	28	1
500306837103968257	33	28	-1
500306837103968257	34	27	1
500306837103968257	35	25	1
500306837103968257	36	28	1
500306837103968257	37	35	-1
500306837103968257	38	37	-1
500306837103968257	39	37	-1
500306837103968257	40	36	-1
500306837103968257	41	37	-1
500306837103968257	42	41	1
500306837103968257	43	1	1
500306837103968257	44	43	1
500306837103968257	45	44	1
500306837103968257	46	1	-1
500306837103968257	47	46	1
500306837103968257	48	45	1
500306837103968257	49	48	1
500306837103968257	50	1	-1
500306837103968257	51	1	1
500306837103968257	52	51	1
500306837103968257	53	52	-1
500306837103968257	54	52	-1
500306837103968257	55	52	1
500306837103968257	56	52	1
500306837103968257	57	56	1
500306837103968257	58	56	-1
500306837103968257	59	57	1
500306837103968257	60	57	-1
500306837103968257	61	58	-1
500306837103968257	62	61	-1
500306837103968257	63	62	1
500306837103968257	64	62	1
500306837103968257	65	53	1
500306837103968257	66	65	1
