500302577557573632	1	1	1
500302577557573632	2	1	1
500302577557573632	3	2	1
500302577557573632	4	3	-1
500302577557573632	5	3	1
500302577557573632	6	1	-1
500302577557573632	7	6	-1
500302577557573632	8	7	1
500302577557573632	9	7	1
500302577557573632	10	8	1
500302577557573632	11	8	1
500302577557573632	12	10	-1
500302577557573632	13	12	-1
500302577557573632	14	11	1
500302577557573632	15	14	-1
500302577557573632	16	13	1
500302577557573632	17	15	-1
500302577557573632	18	16	-1
500302577557573632	19	16	1
