500363740311982081	1	1	1
500363740311982081	2	1	-1
500363740311982081	3	1	-1
500363740311982081	4	1	1
500363740311982081	5	1	1
500363740311982081	6	1	-1
500363740311982081	7	1	1
500363740311982081	8	1	1
500363740311982081	9	1	-1
500363740311982081	10	1	-1
500363740311982081	11	1	-1
500363740311982081	12	1	-1
500363740311982081	13	1	1
500363740311982081	14	1	1
500363740311982081	15	1	1
500363740311982081	16	1	1
500363740311982081	17	1	1
500363740311982081	18	1	-1
500363740311982081	19	1	1
500363740311982081	20	1	-1
