500360558806568960	1	1	1
500360558806568960	2	1	1
500360558806568960	3	1	-1
500360558806568960	4	1	-1
500360558806568960	5	1	1
500360558806568960	6	1	1
500360558806568960	7	1	1
500360558806568960	8	1	1
500360558806568960	9	1	1
500360558806568960	10	1	-1
500360558806568960	11	1	-1
500360558806568960	12	1	-1
500360558806568960	13	1	1
500360558806568960	14	3	1
500360558806568960	15	1	-1
500360558806568960	16	1	1
500360558806568960	17	1	-1
500360558806568960	18	1	1
500360558806568960	19	1	1
500360558806568960	20	1	1
500360558806568960	21	1	-1
500360558806568960	22	1	-1
500360558806568960	23	1	1
500360558806568960	24	1	-1
500360558806568960	25	1	-1
500360558806568960	26	1	1
500360558806568960	27	1	1
500360558806568960	28	1	1
500360558806568960	29	1	-1
500360558806568960	30	1	-1
500360558806568960	31	1	1
500360558806568960	32	1	1
500360558806568960	33	1	-1
500360558806568960	34	33	1
500360558806568960	35	5	-1
500360558806568960	36	35	-1
500360558806568960	37	36	1
500360558806568960	38	37	1
500360558806568960	39	1	-1
500360558806568960	40	1	-1
500360558806568960	41	1	-1
