500364921607974913	1	1	1
500364921607974913	2	1	1
500364921607974913	3	1	-1
500364921607974913	4	1	1
500364921607974913	5	1	-1
500364921607974913	6	1	-1
500364921607974913	7	1	1
500364921607974913	8	1	-1
500364921607974913	9	1	-1
500364921607974913	10	1	-1
500364921607974913	11	1	-1
500364921607974913	12	1	1
500364921607974913	13	1	-1
500364921607974913	14	1	-1
500364921607974913	15	1	1
500364921607974913	16	1	1
500364921607974913	17	1	1
500364921607974913	18	3	1
500364921607974913	19	4	1
500364921607974913	20	1	-1
500364921607974913	21	5	1
500364921607974913	22	1	-1
