500320316602974210	1	1	1
500320316602974210	2	1	1
500320316602974210	3	1	-1
500320316602974210	4	1	-1
500320316602974210	5	1	-1
500320316602974210	6	1	-1
500320316602974210	7	1	-1
500320316602974210	8	1	-1
500320316602974210	9	1	1
500320316602974210	10	1	1
500320316602974210	11	1	1
500320316602974210	12	1	-1
500320316602974210	13	1	-1
500320316602974210	14	11	1
500320316602974210	15	14	1
500320316602974210	16	14	1
500320316602974210	17	14	-1
500320316602974210	18	14	-1
500320316602974210	19	14	-1
