500358907383275520	1	1	1
500358907383275520	2	1	1
500358907383275520	3	1	1
500358907383275520	4	1	-1
500358907383275520	5	1	1
500358907383275520	6	1	-1
500358907383275520	7	1	1
500358907383275520	8	1	-1
500358907383275520	9	1	1
500358907383275520	10	1	1
500358907383275520	11	1	1
500358907383275520	12	1	-1
500358907383275520	13	1	-1
500358907383275520	14	1	-1
500358907383275520	15	1	-1
500358907383275520	16	1	1
500358907383275520	17	1	1
500358907383275520	18	1	1
500358907383275520	19	1	-1
500358907383275520	20	1	-1
