500375545918803970	1	1	1
500375545918803970	2	1	-1
500375545918803970	3	1	-1
500375545918803970	4	1	-1
500375545918803970	5	1	1
500375545918803970	6	1	-1
500375545918803970	7	5	1
500375545918803970	8	1	1
500375545918803970	9	1	1
500375545918803970	10	9	1
500375545918803970	11	10	-1
500375545918803970	12	11	-1
500375545918803970	13	12	1
500375545918803970	14	13	1
500375545918803970	15	14	1
500375545918803970	16	15	-1
500375545918803970	17	1	-1
500375545918803970	18	4	-1
500375545918803970	19	1	-1
500375545918803970	20	19	1
500375545918803970	21	1	-1
500375545918803970	22	19	1
