500382265076379649	1	1	1
500382265076379649	2	1	1
500382265076379649	3	1	1
500382265076379649	4	1	-1
500382265076379649	5	1	1
500382265076379649	6	3	1
500382265076379649	7	6	-1
500382265076379649	8	6	1
500382265076379649	9	6	1
500382265076379649	10	7	1
500382265076379649	11	10	-1
500382265076379649	12	10	1
500382265076379649	13	10	1
500382265076379649	14	11	-1
500382265076379649	15	14	-1
500382265076379649	16	11	1
500382265076379649	17	15	1
500382265076379649	18	16	1
500382265076379649	19	17	1
500382265076379649	20	1	1
500382265076379649	21	19	-1
500382265076379649	22	18	-1
500382265076379649	23	19	-1
500382265076379649	24	20	-1
500382265076379649	25	21	1
500382265076379649	26	19	-1
500382265076379649	27	22	-1
500382265076379649	28	26	-1
500382265076379649	29	28	1
500382265076379649	30	28	-1
500382265076379649	31	28	1
500382265076379649	32	31	-1
500382265076379649	33	18	-1
500382265076379649	34	33	-1
500382265076379649	35	33	-1
500382265076379649	36	26	-1
500382265076379649	37	36	1
500382265076379649	38	37	-1
500382265076379649	39	38	1
500382265076379649	40	4	1
500382265076379649	41	40	-1
500382265076379649	42	1	-1
500382265076379649	43	1	1
500382265076379649	44	1	1
500382265076379649	45	6	-1
500382265076379649	46	2	1
500382265076379649	47	1	1
500382265076379649	48	46	1
500382265076379649	49	48	-1
500382265076379649	50	49	1
