500318980007948288	1	1	1
500318980007948288	2	1	1
500318980007948288	3	1	1
500318980007948288	4	1	-1
500318980007948288	5	4	-1
500318980007948288	6	1	1
500318980007948288	7	3	1
500318980007948288	8	5	-1
500318980007948288	9	4	-1
500318980007948288	10	9	-1
500318980007948288	11	1	-1
500318980007948288	12	1	-1
500318980007948288	13	1	1
500318980007948288	14	2	1
500318980007948288	15	14	-1
500318980007948288	16	1	-1
500318980007948288	17	1	-1
500318980007948288	18	16	-1
500318980007948288	19	13	1
500318980007948288	20	13	-1
500318980007948288	21	20	1
500318980007948288	22	19	1
500318980007948288	23	1	1
500318980007948288	24	23	1
500318980007948288	25	24	1
500318980007948288	26	24	1
500318980007948288	27	26	-1
500318980007948288	28	27	1
500318980007948288	29	24	1
500318980007948288	30	28	1
500318980007948288	31	30	-1
500318980007948288	32	30	1
500318980007948288	33	2	-1
500318980007948288	34	3	-1
500318980007948288	35	5	-1
500318980007948288	36	12	-1
500318980007948288	37	18	-1
500318980007948288	38	32	1
500318980007948288	39	38	1
500318980007948288	40	39	-1
500318980007948288	41	1	1
500318980007948288	42	40	1
500318980007948288	43	42	-1
500318980007948288	44	1	-1
500318980007948288	45	1	-1
500318980007948288	46	4	1
500318980007948288	47	6	1
