500408607561629698	1	1	1
500408607561629698	2	1	1
500408607561629698	3	1	1
500408607561629698	4	1	1
500408607561629698	5	1	-1
500408607561629698	6	1	1
500408607561629698	7	1	1
500408607561629698	8	1	1
500408607561629698	9	1	-1
500408607561629698	10	1	-1
500408607561629698	11	1	-1
500408607561629698	12	1	1
500408607561629698	13	1	1
500408607561629698	14	1	1
500408607561629698	15	1	-1
500408607561629698	16	1	-1
500408607561629698	17	1	-1
500408607561629698	18	1	-1
500408607561629698	19	1	-1
500408607561629698	20	16	-1
500408607561629698	21	20	-1
500408607561629698	22	1	1
500408607561629698	23	1	-1
500408607561629698	24	6	-1
500408607561629698	25	24	-1
500408607561629698	26	25	1
500408607561629698	27	1	1
500408607561629698	28	1	1
500408607561629698	29	1	1
500408607561629698	30	1	1
