500400102125879296	1	1	1
500400102125879296	2	1	-1
500400102125879296	3	1	1
500400102125879296	4	1	-1
500400102125879296	5	1	-1
500400102125879296	6	1	1
500400102125879296	7	1	1
500400102125879296	8	7	-1
500400102125879296	9	1	-1
500400102125879296	10	4	1
500400102125879296	11	1	-1
500400102125879296	12	7	1
500400102125879296	13	10	-1
500400102125879296	14	13	-1
500400102125879296	15	8	1
500400102125879296	16	14	-1
500400102125879296	17	12	1
500400102125879296	18	1	1
500400102125879296	19	7	1
500400102125879296	20	12	-1
500400102125879296	21	12	-1
500400102125879296	22	12	1
500400102125879296	23	16	-1
500400102125879296	24	17	1
500400102125879296	25	22	-1
500400102125879296	26	22	1
500400102125879296	27	23	-1
500400102125879296	28	27	1
500400102125879296	29	23	-1
500400102125879296	30	28	-1
500400102125879296	31	29	-1
500400102125879296	32	30	-1
500400102125879296	33	22	-1
500400102125879296	34	24	-1
500400102125879296	35	34	-1
500400102125879296	36	35	1
500400102125879296	37	36	1
500400102125879296	38	32	1
500400102125879296	39	38	1
500400102125879296	40	2	-1
500400102125879296	41	3	1
500400102125879296	42	41	-1
500400102125879296	43	42	-1
500400102125879296	44	7	1
