524985092343889920	1	1	1
524985092343889920	2	1	1
524985092343889920	3	1	1
524985092343889920	4	1	-1
524985092343889920	5	1	-1
524985092343889920	6	1	-1
524985092343889920	7	1	1
524985092343889920	8	1	-1
524985092343889920	9	1	-1
524985092343889920	10	1	1
524985092343889920	11	1	1
524985092343889920	12	1	1
524985092343889920	13	1	-1
524985092343889920	14	1	-1
524985092343889920	15	1	1
524985092343889920	16	6	1
524985092343889920	17	1	-1
524985092343889920	18	11	-1
524985092343889920	19	1	1
524985092343889920	20	7	-1
524985092343889920	21	20	-1
524985092343889920	22	18	-1
524985092343889920	23	12	1
524985092343889920	24	12	1
524985092343889920	25	23	-1
524985092343889920	26	7	-1
524985092343889920	27	5	1
524985092343889920	28	24	-1
524985092343889920	29	7	1
524985092343889920	30	21	1
524985092343889920	31	10	1
524985092343889920	32	9	1
524985092343889920	33	28	-1
524985092343889920	34	12	-1
524985092343889920	35	20	1
524985092343889920	36	29	-1
524985092343889920	37	36	1
524985092343889920	38	30	1
524985092343889920	39	32	-1
524985092343889920	40	31	-1
524985092343889920	41	35	1
524985092343889920	42	37	-1
524985092343889920	43	34	-1
524985092343889920	44	42	-1
524985092343889920	45	44	1
524985092343889920	46	25	-1
524985092343889920	47	16	-1
524985092343889920	48	39	1
524985092343889920	49	20	1
524985092343889920	50	48	-1
524985092343889920	51	48	-1
524985092343889920	52	47	-1
524985092343889920	53	49	1
524985092343889920	54	53	1
524985092343889920	55	53	-1
524985092343889920	56	17	-1
524985092343889920	57	15	1
524985092343889920	58	12	-1
524985092343889920	59	58	1
524985092343889920	60	59	1
524985092343889920	61	57	-1
524985092343889920	62	21	1
524985092343889920	63	15	1
524985092343889920	64	62	-1
524985092343889920	65	63	1
