524929893759737856	1	1	1
524929893759737856	2	1	-1
524929893759737856	3	1	1
524929893759737856	4	1	1
524929893759737856	5	1	-1
524929893759737856	6	1	1
524929893759737856	7	1	-1
524929893759737856	8	1	1
524929893759737856	9	1	-1
524929893759737856	10	1	1
524929893759737856	11	1	1
524929893759737856	12	1	1
524929893759737856	13	1	1
524929893759737856	14	7	-1
524929893759737856	15	8	1
524929893759737856	16	15	-1
524929893759737856	17	1	-1
524929893759737856	18	16	1
524929893759737856	19	7	-1
524929893759737856	20	19	-1
524929893759737856	21	19	1
524929893759737856	22	21	-1
524929893759737856	23	22	-1
524929893759737856	24	22	-1
524929893759737856	25	24	-1
524929893759737856	26	25	1
524929893759737856	27	26	-1
524929893759737856	28	27	-1
524929893759737856	29	28	1
524929893759737856	30	29	1
524929893759737856	31	30	-1
524929893759737856	32	30	-1
524929893759737856	33	32	1
524929893759737856	34	32	1
524929893759737856	35	34	-1
524929893759737856	36	35	1
524929893759737856	37	35	1
524929893759737856	38	36	1
524929893759737856	39	37	1
524929893759737856	40	38	1
524929893759737856	41	38	-1
524929893759737856	42	38	-1
524929893759737856	43	40	1
524929893759737856	44	10	1
524929893759737856	45	44	1
