524940716733370374	1	1	1
524940716733370374	2	1	1
524940716733370374	3	1	1
524940716733370374	4	1	1
524940716733370374	5	1	1
524940716733370374	6	1	-1
524940716733370374	7	1	-1
524940716733370374	8	1	1
524940716733370374	9	1	-1
524940716733370374	10	6	1
524940716733370374	11	3	-1
524940716733370374	12	1	1
524940716733370374	13	1	1
524940716733370374	14	7	-1
524940716733370374	15	1	1
524940716733370374	16	1	1
524940716733370374	17	1	1
524940716733370374	18	1	1
524940716733370374	19	1	1
524940716733370374	20	1	1
