524925124303396864	1	1	1
524925124303396864	2	1	-1
524925124303396864	3	1	-1
524925124303396864	4	1	-1
524925124303396864	5	1	-1
524925124303396864	6	3	-1
524925124303396864	7	1	-1
524925124303396864	8	1	-1
524925124303396864	9	3	-1
524925124303396864	10	1	-1
524925124303396864	11	6	-1
524925124303396864	12	9	1
524925124303396864	13	1	-1
524925124303396864	14	11	-1
524925124303396864	15	1	-1
524925124303396864	16	1	1
524925124303396864	17	14	1
524925124303396864	18	17	1
524925124303396864	19	1	1
524925124303396864	20	15	-1
524925124303396864	21	18	1
524925124303396864	22	21	-1
524925124303396864	23	22	1
524925124303396864	24	17	-1
524925124303396864	25	24	-1
524925124303396864	26	25	-1
524925124303396864	27	26	-1
