524981557770350592	1	1	1
524981557770350592	2	1	1
524981557770350592	3	1	-1
524981557770350592	4	1	1
524981557770350592	5	1	1
524981557770350592	6	1	-1
524981557770350592	7	1	1
524981557770350592	8	1	1
524981557770350592	9	1	1
524981557770350592	10	1	1
524981557770350592	11	1	1
524981557770350592	12	1	1
524981557770350592	13	1	1
524981557770350592	14	11	-1
524981557770350592	15	1	-1
524981557770350592	16	1	1
524981557770350592	17	1	1
524981557770350592	18	1	-1
524981557770350592	19	1	1
524981557770350592	20	1	1
