524956129017995264	1	1	1
524956129017995264	2	1	-1
524956129017995264	3	1	-1
524956129017995264	4	1	1
524956129017995264	5	1	-1
524956129017995264	6	1	1
524956129017995264	7	1	-1
524956129017995264	8	1	-1
524956129017995264	9	1	-1
524956129017995264	10	1	-1
524956129017995264	11	1	1
524956129017995264	12	1	1
524956129017995264	13	1	1
524956129017995264	14	1	-1
524956129017995264	15	8	1
524956129017995264	16	1	1
524956129017995264	17	13	1
524956129017995264	18	1	-1
524956129017995264	19	1	1
524956129017995264	20	17	1
524956129017995264	21	15	1
524956129017995264	22	21	1
524956129017995264	23	20	1
524956129017995264	24	22	-1
524956129017995264	25	23	-1
524956129017995264	26	24	-1
524956129017995264	27	26	-1
524956129017995264	28	27	1
524956129017995264	29	27	1
524956129017995264	30	28	1
524956129017995264	31	30	-1
524956129017995264	32	31	-1
524956129017995264	33	32	-1
524956129017995264	34	33	-1
