524934142958788608	1	1	1
524934142958788608	2	1	-1
524934142958788608	3	2	-1
524934142958788608	4	3	1
524934142958788608	5	3	-1
524934142958788608	6	4	-1
524934142958788608	7	6	-1
524934142958788608	8	1	-1
524934142958788608	9	5	-1
524934142958788608	10	7	-1
524934142958788608	11	2	1
524934142958788608	12	1	-1
524934142958788608	13	9	-1
524934142958788608	14	11	1
524934142958788608	15	1	-1
524934142958788608	16	13	-1
524934142958788608	17	13	1
524934142958788608	18	14	1
524934142958788608	19	15	-1
524934142958788608	20	19	1
524934142958788608	21	17	1
524934142958788608	22	15	-1
524934142958788608	23	16	-1
524934142958788608	24	20	1
524934142958788608	25	24	-1
524934142958788608	26	20	1
524934142958788608	27	23	-1
524934142958788608	28	18	1
524934142958788608	29	23	1
524934142958788608	30	14	1
524934142958788608	31	29	1
524934142958788608	32	28	-1
524934142958788608	33	28	1
524934142958788608	34	27	-1
524934142958788608	35	22	1
524934142958788608	36	32	-1
524934142958788608	37	30	-1
524934142958788608	38	28	1
524934142958788608	39	32	1
524934142958788608	40	39	-1
524934142958788608	41	35	1
524934142958788608	42	38	1
524934142958788608	43	40	-1
524934142958788608	44	40	1
524934142958788608	45	31	-1
524934142958788608	46	45	-1
524934142958788608	47	46	1
524934142958788608	48	47	-1
524934142958788608	49	48	1
524934142958788608	50	47	-1
524934142958788608	51	50	-1
524934142958788608	52	50	1
524934142958788608	53	48	-1
524934142958788608	54	53	-1
524934142958788608	55	54	-1
524934142958788608	56	4	-1
524934142958788608	57	26	-1
524934142958788608	58	56	-1
524934142958788608	59	57	1
524934142958788608	60	58	1
524934142958788608	61	59	1
524934142958788608	62	60	-1
524934142958788608	63	61	-1
524934142958788608	64	62	1
524934142958788608	65	63	1
524934142958788608	66	64	-1
524934142958788608	67	63	1
524934142958788608	68	63	1
