524958238316298240	1	1	1
524958238316298240	2	1	-1
524958238316298240	3	1	-1
524958238316298240	4	1	1
524958238316298240	5	4	-1
524958238316298240	6	1	-1
524958238316298240	7	1	1
524958238316298240	8	5	1
524958238316298240	9	1	1
524958238316298240	10	1	1
524958238316298240	11	1	1
524958238316298240	12	1	1
524958238316298240	13	1	1
524958238316298240	14	1	1
524958238316298240	15	1	-1
524958238316298240	16	1	1
524958238316298240	17	1	-1
524958238316298240	18	1	-1
524958238316298240	19	1	-1
524958238316298240	20	1	-1
524958238316298240	21	7	1
524958238316298240	22	15	1
524958238316298240	23	22	1
524958238316298240	24	23	-1
524958238316298240	25	24	1
524958238316298240	26	25	-1
524958238316298240	27	26	1
524958238316298240	28	27	1
524958238316298240	29	26	-1
524958238316298240	30	26	1
524958238316298240	31	28	1
524958238316298240	32	4	-1
524958238316298240	33	4	1
524958238316298240	34	33	1
524958238316298240	35	32	-1
524958238316298240	36	35	1
