524934941914968064	1	1	1
524934941914968064	2	1	1
524934941914968064	3	1	1
524934941914968064	4	1	-1
524934941914968064	5	1	-1
524934941914968064	6	1	1
524934941914968064	7	1	-1
524934941914968064	8	1	-1
524934941914968064	9	1	1
524934941914968064	10	1	-1
524934941914968064	11	1	1
524934941914968064	12	1	1
524934941914968064	13	1	1
524934941914968064	14	1	-1
524934941914968064	15	1	1
524934941914968064	16	1	-1
524934941914968064	17	1	1
524934941914968064	18	1	-1
524934941914968064	19	1	1
524934941914968064	20	15	-1
524934941914968064	21	20	1
524934941914968064	22	21	-1
524934941914968064	23	5	-1
