524948710812581888	1	1	1
524948710812581888	2	1	1
524948710812581888	3	1	1
524948710812581888	4	1	1
524948710812581888	5	1	1
524948710812581888	6	1	-1
524948710812581888	7	1	1
524948710812581888	8	1	1
524948710812581888	9	1	1
524948710812581888	10	1	-1
524948710812581888	11	1	1
524948710812581888	12	11	1
524948710812581888	13	1	1
524948710812581888	14	1	1
524948710812581888	15	13	1
524948710812581888	16	1	1
524948710812581888	17	4	-1
524948710812581888	18	1	-1
524948710812581888	19	13	-1
524948710812581888	20	1	-1
