524929550493712384	1	1	1
524929550493712384	2	1	1
524929550493712384	3	1	1
524929550493712384	4	1	1
524929550493712384	5	1	-1
524929550493712384	6	1	1
524929550493712384	7	1	1
524929550493712384	8	1	1
524929550493712384	9	1	-1
524929550493712384	10	1	-1
524929550493712384	11	1	-1
524929550493712384	12	1	-1
524929550493712384	13	1	1
524929550493712384	14	2	1
524929550493712384	15	1	-1
524929550493712384	16	1	-1
524929550493712384	17	14	1
524929550493712384	18	1	-1
524929550493712384	19	1	1
524929550493712384	20	14	1
524929550493712384	21	2	-1
524929550493712384	22	20	1
524929550493712384	23	22	1
524929550493712384	24	23	1
524929550493712384	25	24	1
524929550493712384	26	25	-1
524929550493712384	27	26	-1
524929550493712384	28	27	1
