524942149973188608	1	1	1
524942149973188608	2	1	-1
524942149973188608	3	1	-1
524942149973188608	4	1	1
524942149973188608	5	1	1
524942149973188608	6	1	1
524942149973188608	7	1	-1
524942149973188608	8	1	-1
524942149973188608	9	4	1
524942149973188608	10	9	1
524942149973188608	11	1	1
524942149973188608	12	1	-1
524942149973188608	13	1	-1
524942149973188608	14	13	-1
524942149973188608	15	14	1
524942149973188608	16	15	1
524942149973188608	17	1	-1
524942149973188608	18	1	-1
524942149973188608	19	1	-1
524942149973188608	20	5	1
