524993009440403456	1	1	1
524993009440403456	2	1	-1
524993009440403456	3	1	-1
524993009440403456	4	1	1
524993009440403456	5	1	1
524993009440403456	6	1	-1
524993009440403456	7	1	1
524993009440403456	8	7	1
524993009440403456	9	1	1
524993009440403456	10	1	1
524993009440403456	11	1	1
524993009440403456	12	11	-1
524993009440403456	13	4	1
524993009440403456	14	12	1
524993009440403456	15	12	1
524993009440403456	16	12	1
524993009440403456	17	1	-1
524993009440403456	18	15	-1
524993009440403456	19	16	1
524993009440403456	20	13	1
524993009440403456	21	19	1
524993009440403456	22	19	-1
