524962072262881280	1	1	1
524962072262881280	2	1	1
524962072262881280	3	1	-1
524962072262881280	4	1	-1
524962072262881280	5	1	-1
524962072262881280	6	1	1
524962072262881280	7	1	1
524962072262881280	8	1	1
524962072262881280	9	1	1
524962072262881280	10	1	-1
524962072262881280	11	1	1
524962072262881280	12	1	1
524962072262881280	13	1	1
524962072262881280	14	1	-1
524962072262881280	15	1	1
524962072262881280	16	1	1
524962072262881280	17	1	-1
524962072262881280	18	1	-1
524962072262881280	19	1	1
524962072262881280	20	1	-1
524962072262881280	21	16	-1
524962072262881280	22	21	1
