524949339131904000	1	1	1
524949339131904000	2	1	1
524949339131904000	3	1	1
524949339131904000	4	1	1
524949339131904000	5	1	-1
524949339131904000	6	1	-1
524949339131904000	7	2	-1
524949339131904000	8	5	-1
524949339131904000	9	1	1
524949339131904000	10	7	-1
524949339131904000	11	7	-1
524949339131904000	12	10	-1
524949339131904000	13	11	1
524949339131904000	14	1	1
524949339131904000	15	13	1
524949339131904000	16	13	1
524949339131904000	17	13	-1
524949339131904000	18	15	1
524949339131904000	19	13	-1
524949339131904000	20	19	1
524949339131904000	21	20	1
524949339131904000	22	1	-1
524949339131904000	23	21	1
524949339131904000	24	23	-1
524949339131904000	25	1	-1
524949339131904000	26	1	-1
524949339131904000	27	24	-1
524949339131904000	28	27	1
524949339131904000	29	28	1
524949339131904000	30	1	1
524949339131904000	31	1	1
524949339131904000	32	29	1
524949339131904000	33	1	1
524949339131904000	34	1	1
524949339131904000	35	1	-1
524949339131904000	36	1	-1
524949339131904000	37	36	-1
524949339131904000	38	1	1
524949339131904000	39	1	-1
524949339131904000	40	34	1
524949339131904000	41	1	1
524949339131904000	42	1	-1
524949339131904000	43	1	-1
524949339131904000	44	1	1
524949339131904000	45	1	-1
524949339131904000	46	1	1
524949339131904000	47	1	1
524949339131904000	48	1	1
524949339131904000	49	1	-1
524949339131904000	50	1	-1
524949339131904000	51	1	1
524949339131904000	52	1	-1
524949339131904000	53	1	-1
524949339131904000	54	1	-1
524949339131904000	55	1	1
524949339131904000	56	1	1
524949339131904000	57	56	1
524949339131904000	58	15	-1
524949339131904000	59	58	1
524949339131904000	60	59	1
524949339131904000	61	60	-1
524949339131904000	62	59	1
524949339131904000	63	60	1
524949339131904000	64	62	1
524949339131904000	65	63	1
524949339131904000	66	62	1
524949339131904000	67	65	1
524949339131904000	68	65	-1
524949339131904000	69	57	-1
524949339131904000	70	68	1
524949339131904000	71	70	1
524949339131904000	72	71	-1
524949339131904000	73	72	-1
524949339131904000	74	73	1
524949339131904000	75	74	-1
