524975031059632128	1	1	1
524975031059632128	2	1	1
524975031059632128	3	1	-1
524975031059632128	4	1	-1
524975031059632128	5	1	-1
524975031059632128	6	1	-1
524975031059632128	7	1	-1
524975031059632128	8	1	-1
524975031059632128	9	3	-1
524975031059632128	10	4	-1
524975031059632128	11	1	1
524975031059632128	12	1	-1
524975031059632128	13	9	1
524975031059632128	14	1	1
524975031059632128	15	13	-1
524975031059632128	16	12	1
524975031059632128	17	15	1
524975031059632128	18	17	-1
524975031059632128	19	10	-1
524975031059632128	20	1	1
524975031059632128	21	19	1
524975031059632128	22	12	-1
524975031059632128	23	22	1
524975031059632128	24	23	1
524975031059632128	25	24	1
524975031059632128	26	25	1
524975031059632128	27	25	1
524975031059632128	28	25	1
524975031059632128	29	27	1
524975031059632128	30	28	1
524975031059632128	31	26	-1
524975031059632128	32	30	-1
524975031059632128	33	31	1
524975031059632128	34	2	-1
524975031059632128	35	33	1
524975031059632128	36	15	-1
524975031059632128	37	6	1
524975031059632128	38	9	1
524975031059632128	39	18	1
