524923148576518144	1	1	1
524923148576518144	2	1	-1
524923148576518144	3	1	1
524923148576518144	4	1	1
524923148576518144	5	1	-1
524923148576518144	6	1	1
524923148576518144	7	1	1
524923148576518144	8	4	-1
524923148576518144	9	5	1
524923148576518144	10	9	-1
524923148576518144	11	1	-1
524923148576518144	12	1	-1
524923148576518144	13	1	1
524923148576518144	14	1	1
524923148576518144	15	1	-1
524923148576518144	16	1	1
524923148576518144	17	1	-1
524923148576518144	18	1	1
524923148576518144	19	4	-1
524923148576518144	20	19	-1
524923148576518144	21	20	1
524923148576518144	22	21	1
524923148576518144	23	22	1
