524958409381384192	1	1	1
524958409381384192	2	1	-1
524958409381384192	3	1	-1
524958409381384192	4	1	1
524958409381384192	5	1	1
524958409381384192	6	1	-1
524958409381384192	7	1	-1
524958409381384192	8	1	-1
524958409381384192	9	1	1
524958409381384192	10	1	-1
524958409381384192	11	1	-1
524958409381384192	12	1	1
524958409381384192	13	1	1
524958409381384192	14	1	-1
524958409381384192	15	1	-1
524958409381384192	16	1	1
524958409381384192	17	1	-1
524958409381384192	18	1	-1
524958409381384192	19	1	1
524958409381384192	20	1	1
