524941119403335681	1	1	1
524941119403335681	2	1	-1
524941119403335681	3	1	-1
524941119403335681	4	1	1
524941119403335681	5	1	-1
524941119403335681	6	1	1
524941119403335681	7	1	-1
524941119403335681	8	1	-1
524941119403335681	9	1	-1
524941119403335681	10	1	1
524941119403335681	11	1	1
524941119403335681	12	1	1
524941119403335681	13	1	1
524941119403335681	14	1	1
524941119403335681	15	1	-1
524941119403335681	16	2	1
524941119403335681	17	1	-1
524941119403335681	18	4	-1
524941119403335681	19	11	1
524941119403335681	20	19	-1
524941119403335681	21	18	-1
524941119403335681	22	21	-1
524941119403335681	23	22	1
524941119403335681	24	22	-1
524941119403335681	25	22	-1
524941119403335681	26	22	-1
524941119403335681	27	26	1
