524991832451981312	1	1	1
524991832451981312	2	1	1
524991832451981312	3	1	-1
524991832451981312	4	1	-1
524991832451981312	5	3	1
524991832451981312	6	1	1
524991832451981312	7	1	1
524991832451981312	8	1	-1
524991832451981312	9	1	1
524991832451981312	10	1	1
524991832451981312	11	1	1
524991832451981312	12	1	1
524991832451981312	13	1	-1
524991832451981312	14	1	-1
524991832451981312	15	1	-1
524991832451981312	16	1	-1
524991832451981312	17	1	-1
524991832451981312	18	1	1
524991832451981312	19	1	1
524991832451981312	20	1	1
524991832451981312	21	18	-1
524991832451981312	22	6	-1
