524949243883425793	1	1	1
524949243883425793	2	1	-1
524949243883425793	3	1	1
524949243883425793	4	1	-1
524949243883425793	5	1	-1
524949243883425793	6	1	1
524949243883425793	7	1	-1
524949243883425793	8	3	-1
524949243883425793	9	1	-1
524949243883425793	10	1	1
524949243883425793	11	1	1
524949243883425793	12	8	1
524949243883425793	13	1	-1
524949243883425793	14	1	-1
524949243883425793	15	1	1
524949243883425793	16	1	-1
524949243883425793	17	1	1
524949243883425793	18	1	1
524949243883425793	19	12	-1
524949243883425793	20	8	-1
524949243883425793	21	19	-1
524949243883425793	22	19	-1
524949243883425793	23	8	1
524949243883425793	24	10	-1
524949243883425793	25	23	-1
524949243883425793	26	24	1
524949243883425793	27	26	1
