524928878075457536	1	1	1
524928878075457536	2	1	1
524928878075457536	3	1	-1
524928878075457536	4	1	1
524928878075457536	5	2	-1
524928878075457536	6	2	1
524928878075457536	7	1	1
524928878075457536	8	1	-1
524928878075457536	9	1	-1
524928878075457536	10	1	-1
524928878075457536	11	1	-1
524928878075457536	12	6	-1
524928878075457536	13	12	1
524928878075457536	14	1	-1
524928878075457536	15	1	1
524928878075457536	16	12	-1
524928878075457536	17	13	-1
524928878075457536	18	2	-1
524928878075457536	19	17	-1
524928878075457536	20	19	-1
524928878075457536	21	20	1
524928878075457536	22	19	-1
524928878075457536	23	22	1
524928878075457536	24	23	-1
524928878075457536	25	24	1
