524959630158725120	1	1	1
524959630158725120	2	1	1
524959630158725120	3	1	1
524959630158725120	4	1	1
524959630158725120	5	1	1
524959630158725120	6	1	-1
524959630158725120	7	1	1
524959630158725120	8	1	-1
524959630158725120	9	1	1
524959630158725120	10	1	1
524959630158725120	11	1	-1
524959630158725120	12	1	1
524959630158725120	13	1	-1
524959630158725120	14	1	1
524959630158725120	15	1	-1
524959630158725120	16	1	-1
524959630158725120	17	1	1
524959630158725120	18	1	1
524959630158725120	19	18	1
524959630158725120	20	1	1
524959630158725120	21	17	-1
524959630158725120	22	21	1
524959630158725120	23	22	1
524959630158725120	24	23	-1
524959630158725120	25	24	1
