524996756220956672	1	1	1
524996756220956672	2	1	1
524996756220956672	3	1	-1
524996756220956672	4	1	-1
524996756220956672	5	1	-1
524996756220956672	6	1	1
524996756220956672	7	1	1
524996756220956672	8	1	1
524996756220956672	9	1	1
524996756220956672	10	1	-1
524996756220956672	11	1	1
524996756220956672	12	1	1
524996756220956672	13	1	1
524996756220956672	14	1	1
524996756220956672	15	1	-1
524996756220956672	16	1	-1
524996756220956672	17	1	-1
524996756220956672	18	3	-1
524996756220956672	19	1	1
524996756220956672	20	17	1
