525023642007371776	1	1	1
525023642007371776	2	1	-1
525023642007371776	3	1	1
525023642007371776	4	1	-1
525023642007371776	5	1	1
525023642007371776	6	1	1
525023642007371776	7	1	1
525023642007371776	8	1	1
525023642007371776	9	1	-1
525023642007371776	10	1	-1
525023642007371776	11	1	-1
525023642007371776	12	1	1
525023642007371776	13	1	-1
525023642007371776	14	1	1
525023642007371776	15	1	-1
525023642007371776	16	1	-1
525023642007371776	17	1	-1
525023642007371776	18	1	-1
525023642007371776	19	1	1
525023642007371776	20	1	-1
