525030117014507523	1	1	1
525030117014507523	2	1	1
525030117014507523	3	1	1
525030117014507523	4	1	-1
525030117014507523	5	1	1
525030117014507523	6	1	1
525030117014507523	7	1	1
525030117014507523	8	1	-1
525030117014507523	9	1	-1
525030117014507523	10	1	-1
525030117014507523	11	1	-1
525030117014507523	12	1	1
525030117014507523	13	1	-1
525030117014507523	14	12	-1
525030117014507523	15	1	-1
525030117014507523	16	1	-1
525030117014507523	17	1	-1
525030117014507523	18	1	-1
525030117014507523	19	1	-1
525030117014507523	20	1	1
