525045709402148864	1	1	1
525045709402148864	2	1	-1
525045709402148864	3	1	1
525045709402148864	4	2	-1
525045709402148864	5	1	-1
525045709402148864	6	1	1
525045709402148864	7	1	1
525045709402148864	8	4	-1
525045709402148864	9	7	-1
525045709402148864	10	1	-1
525045709402148864	11	7	-1
525045709402148864	12	9	1
525045709402148864	13	12	-1
525045709402148864	14	11	1
525045709402148864	15	1	1
525045709402148864	16	1	-1
525045709402148864	17	1	-1
525045709402148864	18	14	-1
525045709402148864	19	1	-1
525045709402148864	20	19	1
525045709402148864	21	16	-1
525045709402148864	22	21	1
525045709402148864	23	21	1
525045709402148864	24	23	1
525045709402148864	25	23	1
525045709402148864	26	25	1
525045709402148864	27	24	-1
525045709402148864	28	23	-1
525045709402148864	29	23	1
