525046462460477440	1	1	1
525046462460477440	2	1	1
525046462460477440	3	1	1
525046462460477440	4	1	-1
525046462460477440	5	1	1
525046462460477440	6	1	1
525046462460477440	7	1	1
525046462460477440	8	1	1
525046462460477440	9	1	1
525046462460477440	10	8	1
525046462460477440	11	10	-1
525046462460477440	12	1	1
525046462460477440	13	1	-1
525046462460477440	14	1	-1
525046462460477440	15	4	1
525046462460477440	16	1	1
525046462460477440	17	1	1
525046462460477440	18	1	-1
525046462460477440	19	1	1
525046462460477440	20	1	-1
525046462460477440	21	4	1
525046462460477440	22	6	-1
525046462460477440	23	20	-1
