525036214286815232	1	1	1
525036214286815232	2	1	-1
525036214286815232	3	1	1
525036214286815232	4	1	-1
525036214286815232	5	1	1
525036214286815232	6	1	-1
525036214286815232	7	5	1
525036214286815232	8	1	-1
525036214286815232	9	1	-1
525036214286815232	10	1	1
525036214286815232	11	10	-1
525036214286815232	12	1	1
525036214286815232	13	1	-1
525036214286815232	14	11	1
525036214286815232	15	1	-1
525036214286815232	16	1	-1
525036214286815232	17	1	-1
525036214286815232	18	1	-1
525036214286815232	19	5	-1
525036214286815232	20	1	-1
525036214286815232	21	9	-1
525036214286815232	22	9	1
