525046443103354880	1	1	1
525046443103354880	2	1	1
525046443103354880	3	1	1
525046443103354880	4	1	1
525046443103354880	5	4	-1
525046443103354880	6	4	1
525046443103354880	7	1	-1
525046443103354880	8	1	1
525046443103354880	9	1	1
525046443103354880	10	5	-1
525046443103354880	11	1	-1
525046443103354880	12	1	-1
525046443103354880	13	1	1
525046443103354880	14	13	1
525046443103354880	15	14	1
525046443103354880	16	10	1
525046443103354880	17	11	-1
525046443103354880	18	8	1
525046443103354880	19	4	-1
525046443103354880	20	4	1
525046443103354880	21	6	1
525046443103354880	22	4	1
525046443103354880	23	4	-1
525046443103354880	24	12	-1
525046443103354880	25	13	-1
525046443103354880	26	23	1
525046443103354880	27	23	-1
525046443103354880	28	26	-1
525046443103354880	29	27	-1
525046443103354880	30	26	-1
525046443103354880	31	23	-1
525046443103354880	32	31	1
525046443103354880	33	31	-1
525046443103354880	34	29	-1
525046443103354880	35	8	-1
525046443103354880	36	10	1
525046443103354880	37	19	-1
525046443103354880	38	19	-1
525046443103354880	39	28	1
525046443103354880	40	26	-1
525046443103354880	41	30	1
525046443103354880	42	32	1
525046443103354880	43	42	-1
525046443103354880	44	33	-1
525046443103354880	45	44	1
525046443103354880	46	42	1
525046443103354880	47	42	-1
525046443103354880	48	42	1
525046443103354880	49	42	-1
525046443103354880	50	42	-1
525046443103354880	51	42	-1
525046443103354880	52	42	-1
525046443103354880	53	42	-1
525046443103354880	54	53	-1
525046443103354880	55	54	1
525046443103354880	56	55	1
525046443103354880	57	55	-1
