525003253185277952	1	1	1
525003253185277952	2	1	-1
525003253185277952	3	1	1
525003253185277952	4	1	1
525003253185277952	5	1	-1
525003253185277952	6	1	-1
525003253185277952	7	1	1
525003253185277952	8	1	1
525003253185277952	9	1	1
525003253185277952	10	1	-1
525003253185277952	11	1	-1
525003253185277952	12	1	-1
525003253185277952	13	1	-1
525003253185277952	14	1	-1
525003253185277952	15	1	-1
525003253185277952	16	1	1
525003253185277952	17	1	1
525003253185277952	18	1	-1
525003253185277952	19	1	-1
525003253185277952	20	4	1
525003253185277952	21	4	-1
525003253185277952	22	18	1
525003253185277952	23	22	-1
525003253185277952	24	21	-1
525003253185277952	25	24	-1
525003253185277952	26	18	-1
