525029954908860417	1	1	1
525029954908860417	2	1	-1
525029954908860417	3	1	1
525029954908860417	4	1	-1
525029954908860417	5	1	-1
525029954908860417	6	1	-1
525029954908860417	7	1	1
525029954908860417	8	1	-1
525029954908860417	9	1	-1
525029954908860417	10	1	1
525029954908860417	11	1	1
525029954908860417	12	11	1
525029954908860417	13	1	1
525029954908860417	14	1	1
525029954908860417	15	1	-1
525029954908860417	16	1	-1
525029954908860417	17	1	1
525029954908860417	18	1	-1
525029954908860417	19	1	1
525029954908860417	20	17	1
