525019992337551360	1	1	1
525019992337551360	2	1	-1
525019992337551360	3	1	1
525019992337551360	4	1	1
525019992337551360	5	1	-1
525019992337551360	6	1	1
525019992337551360	7	1	1
525019992337551360	8	1	-1
525019992337551360	9	1	1
525019992337551360	10	1	-1
525019992337551360	11	1	1
525019992337551360	12	1	-1
525019992337551360	13	1	-1
525019992337551360	14	1	-1
525019992337551360	15	14	-1
525019992337551360	16	1	-1
525019992337551360	17	6	1
525019992337551360	18	1	1
525019992337551360	19	1	-1
525019992337551360	20	16	-1
525019992337551360	21	20	-1
525019992337551360	22	21	1
525019992337551360	23	22	-1
525019992337551360	24	21	-1
525019992337551360	25	21	1
525019992337551360	26	23	1
525019992337551360	27	17	1
525019992337551360	28	27	-1
525019992337551360	29	28	-1
