525021050627973120	1	1	1
525021050627973120	2	1	-1
525021050627973120	3	1	1
525021050627973120	4	1	-1
525021050627973120	5	1	-1
525021050627973120	6	1	-1
525021050627973120	7	1	1
525021050627973120	8	1	-1
525021050627973120	9	1	1
525021050627973120	10	1	-1
525021050627973120	11	1	-1
525021050627973120	12	1	-1
525021050627973120	13	1	1
525021050627973120	14	1	1
525021050627973120	15	1	1
525021050627973120	16	1	1
525021050627973120	17	1	1
525021050627973120	18	1	-1
525021050627973120	19	1	1
525021050627973120	20	1	-1
