525052223030845440	1	1	1
525052223030845440	2	1	1
525052223030845440	3	1	-1
525052223030845440	4	1	-1
525052223030845440	5	1	1
525052223030845440	6	1	-1
525052223030845440	7	3	1
525052223030845440	8	1	-1
525052223030845440	9	1	1
525052223030845440	10	1	-1
525052223030845440	11	1	-1
525052223030845440	12	1	-1
525052223030845440	13	1	1
525052223030845440	14	1	1
525052223030845440	15	1	-1
525052223030845440	16	1	1
525052223030845440	17	1	1
525052223030845440	18	4	-1
525052223030845440	19	1	-1
525052223030845440	20	18	1
525052223030845440	21	4	-1
525052223030845440	22	4	-1
525052223030845440	23	20	-1
525052223030845440	24	23	-1
525052223030845440	25	22	-1
525052223030845440	26	24	1
525052223030845440	27	25	1
525052223030845440	28	27	1
