525007169956347904	1	1	1
525007169956347904	2	1	1
525007169956347904	3	1	1
525007169956347904	4	1	-1
525007169956347904	5	1	-1
525007169956347904	6	1	1
525007169956347904	7	5	-1
525007169956347904	8	7	1
525007169956347904	9	8	-1
525007169956347904	10	1	-1
525007169956347904	11	10	-1
525007169956347904	12	11	1
525007169956347904	13	1	-1
525007169956347904	14	1	-1
525007169956347904	15	1	-1
525007169956347904	16	1	-1
525007169956347904	17	1	1
525007169956347904	18	1	1
525007169956347904	19	16	1
525007169956347904	20	16	1
525007169956347904	21	20	1
525007169956347904	22	21	1
525007169956347904	23	22	-1
525007169956347904	24	23	-1
525007169956347904	25	17	-1
525007169956347904	26	23	-1
525007169956347904	27	26	1
525007169956347904	28	27	-1
