525062013551001600	1	1	1
525062013551001600	2	1	-1
525062013551001600	3	1	-1
525062013551001600	4	1	-1
525062013551001600	5	1	1
525062013551001600	6	1	-1
525062013551001600	7	1	-1
525062013551001600	8	1	-1
525062013551001600	9	1	-1
525062013551001600	10	6	-1
525062013551001600	11	1	1
525062013551001600	12	1	1
525062013551001600	13	10	1
525062013551001600	14	13	-1
525062013551001600	15	10	-1
525062013551001600	16	14	1
525062013551001600	17	15	1
525062013551001600	18	14	-1
525062013551001600	19	16	1
525062013551001600	20	17	-1
525062013551001600	21	17	-1
