525031558949134336	1	1	1
525031558949134336	2	1	-1
525031558949134336	3	1	-1
525031558949134336	4	1	1
525031558949134336	5	1	1
525031558949134336	6	5	1
525031558949134336	7	2	-1
525031558949134336	8	1	1
525031558949134336	9	7	-1
525031558949134336	10	6	1
525031558949134336	11	10	-1
525031558949134336	12	1	-1
525031558949134336	13	11	1
525031558949134336	14	9	1
525031558949134336	15	1	-1
525031558949134336	16	1	-1
525031558949134336	17	1	1
525031558949134336	18	17	1
525031558949134336	19	13	1
525031558949134336	20	17	-1
525031558949134336	21	20	-1
525031558949134336	22	14	-1
525031558949134336	23	20	1
525031558949134336	24	23	1
525031558949134336	25	23	1
525031558949134336	26	25	-1
525031558949134336	27	19	-1
525031558949134336	28	12	-1
525031558949134336	29	22	1
525031558949134336	30	22	-1
525031558949134336	31	19	1
525031558949134336	32	22	-1
525031558949134336	33	22	-1
525031558949134336	34	22	-1
525031558949134336	35	24	-1
