544297696308518912	1	1	1
544297696308518912	2	1	1
544297696308518912	3	1	-1
544297696308518912	4	1	-1
544297696308518912	5	1	1
544297696308518912	6	1	-1
544297696308518912	7	1	1
544297696308518912	8	1	1
544297696308518912	9	3	-1
544297696308518912	10	1	1
544297696308518912	11	1	-1
544297696308518912	12	1	-1
544297696308518912	13	1	-1
544297696308518912	14	12	1
544297696308518912	15	1	1
544297696308518912	16	1	-1
544297696308518912	17	1	1
544297696308518912	18	1	-1
544297696308518912	19	1	1
544297696308518912	20	1	1
544297696308518912	21	7	-1
544297696308518912	22	11	-1
544297696308518912	23	18	-1
544297696308518912	24	3	-1
