544267656597995521	1	1	1
544267656597995521	2	1	-1
544267656597995521	3	1	-1
544267656597995521	4	1	1
544267656597995521	5	1	-1
544267656597995521	6	1	-1
544267656597995521	7	4	1
544267656597995521	8	1	-1
544267656597995521	9	6	-1
544267656597995521	10	1	-1
544267656597995521	11	1	-1
544267656597995521	12	10	1
544267656597995521	13	1	1
544267656597995521	14	1	-1
544267656597995521	15	1	1
544267656597995521	16	1	1
544267656597995521	17	1	-1
544267656597995521	18	2	-1
544267656597995521	19	18	1
544267656597995521	20	18	-1
544267656597995521	21	20	1
544267656597995521	22	21	1
544267656597995521	23	22	1
544267656597995521	24	20	-1
544267656597995521	25	24	-1
544267656597995521	26	18	1
