544276998017646593	1	1	1
544276998017646593	2	1	1
544276998017646593	3	1	1
544276998017646593	4	1	-1
544276998017646593	5	1	1
544276998017646593	6	1	1
544276998017646593	7	1	1
544276998017646593	8	1	1
544276998017646593	9	1	1
544276998017646593	10	1	1
544276998017646593	11	1	-1
544276998017646593	12	1	1
544276998017646593	13	3	-1
544276998017646593	14	1	1
544276998017646593	15	1	-1
544276998017646593	16	1	-1
544276998017646593	17	1	-1
544276998017646593	18	1	1
544276998017646593	19	13	-1
544276998017646593	20	1	1
544276998017646593	21	3	-1
