544296465619619840	1	1	1
544296465619619840	2	1	-1
544296465619619840	3	1	-1
544296465619619840	4	1	-1
544296465619619840	5	1	1
544296465619619840	6	4	-1
544296465619619840	7	6	1
544296465619619840	8	1	1
544296465619619840	9	8	1
544296465619619840	10	9	1
544296465619619840	11	10	1
544296465619619840	12	11	-1
544296465619619840	13	12	1
544296465619619840	14	13	1
544296465619619840	15	14	1
544296465619619840	16	1	-1
544296465619619840	17	15	-1
544296465619619840	18	15	-1
544296465619619840	19	18	-1
544296465619619840	20	19	1
544296465619619840	21	10	1
544296465619619840	22	6	1
544296465619619840	23	10	-1
544296465619619840	24	21	1
544296465619619840	25	23	1
544296465619619840	26	25	1
544296465619619840	27	26	-1
544296465619619840	28	27	-1
544296465619619840	29	28	1
544296465619619840	30	29	1
544296465619619840	31	30	-1
544296465619619840	32	30	1
544296465619619840	33	32	1
544296465619619840	34	33	-1
544296465619619840	35	34	-1
544296465619619840	36	34	1
544296465619619840	37	35	1
544296465619619840	38	24	-1
544296465619619840	39	38	1
544296465619619840	40	39	1
544296465619619840	41	24	1
544296465619619840	42	39	-1
544296465619619840	43	41	-1
544296465619619840	44	41	1
544296465619619840	45	22	-1
544296465619619840	46	45	-1
544296465619619840	47	43	1
544296465619619840	48	47	1
544296465619619840	49	48	1
544296465619619840	50	49	-1
544296465619619840	51	50	-1
544296465619619840	52	51	1
544296465619619840	53	52	-1
544296465619619840	54	50	1
