544288661253398528	1	1	1
544288661253398528	2	1	1
544288661253398528	3	2	-1
544288661253398528	4	3	-1
544288661253398528	5	4	1
544288661253398528	6	4	-1
544288661253398528	7	5	1
544288661253398528	8	7	-1
544288661253398528	9	8	-1
544288661253398528	10	8	1
544288661253398528	11	9	-1
544288661253398528	12	10	-1
544288661253398528	13	10	1
544288661253398528	14	11	1
544288661253398528	15	14	-1
544288661253398528	16	13	-1
544288661253398528	17	15	1
544288661253398528	18	17	-1
544288661253398528	19	16	1
544288661253398528	20	16	1
544288661253398528	21	18	1
544288661253398528	22	19	1
544288661253398528	23	20	1
544288661253398528	24	22	1
544288661253398528	25	24	-1
544288661253398528	26	25	1
544288661253398528	27	26	-1
544288661253398528	28	25	1
544288661253398528	29	25	-1
544288661253398528	30	27	-1
544288661253398528	31	29	1
544288661253398528	32	27	1
544288661253398528	33	23	1
544288661253398528	34	23	-1
544288661253398528	35	31	1
544288661253398528	36	34	-1
544288661253398528	37	36	-1
544288661253398528	38	36	-1
544288661253398528	39	38	1
544288661253398528	40	39	-1
544288661253398528	41	39	-1
544288661253398528	42	39	-1
544288661253398528	43	42	-1
544288661253398528	44	42	1
544288661253398528	45	44	-1
544288661253398528	46	44	-1
544288661253398528	47	43	-1
544288661253398528	48	45	-1
544288661253398528	49	46	1
