544293021995393024	1	1	1
544293021995393024	2	1	1
544293021995393024	3	1	1
544293021995393024	4	1	1
544293021995393024	5	1	1
544293021995393024	6	1	-1
544293021995393024	7	4	1
544293021995393024	8	4	-1
544293021995393024	9	3	-1
544293021995393024	10	5	1
544293021995393024	11	4	1
544293021995393024	12	9	1
544293021995393024	13	4	1
544293021995393024	14	13	1
544293021995393024	15	3	1
544293021995393024	16	3	1
544293021995393024	17	15	1
544293021995393024	18	17	1
544293021995393024	19	14	1
544293021995393024	20	19	1
544293021995393024	21	3	-1
544293021995393024	22	13	-1
544293021995393024	23	22	-1
544293021995393024	24	23	1
