544285296565948416	1	1	1
544285296565948416	2	1	-1
544285296565948416	3	2	1
544285296565948416	4	3	1
544285296565948416	5	1	1
544285296565948416	6	1	1
544285296565948416	7	5	-1
544285296565948416	8	5	-1
544285296565948416	9	1	-1
544285296565948416	10	6	-1
544285296565948416	11	10	-1
544285296565948416	12	5	-1
544285296565948416	13	5	1
544285296565948416	14	11	1
544285296565948416	15	11	1
544285296565948416	16	15	-1
544285296565948416	17	5	-1
544285296565948416	18	1	-1
544285296565948416	19	17	-1
544285296565948416	20	5	1
544285296565948416	21	5	1
544285296565948416	22	17	-1
544285296565948416	23	22	1
544285296565948416	24	22	1
544285296565948416	25	22	-1
544285296565948416	26	23	1
544285296565948416	27	26	1
544285296565948416	28	27	-1
544285296565948416	29	27	1
544285296565948416	30	29	1
544285296565948416	31	22	-1
544285296565948416	32	24	-1
