544277516773380097	1	1	1
544277516773380097	2	1	-1
544277516773380097	3	1	-1
544277516773380097	4	1	1
544277516773380097	5	1	-1
544277516773380097	6	1	-1
544277516773380097	7	5	1
544277516773380097	8	1	1
544277516773380097	9	1	-1
544277516773380097	10	1	1
544277516773380097	11	7	-1
544277516773380097	12	11	-1
544277516773380097	13	12	-1
544277516773380097	14	1	-1
544277516773380097	15	1	-1
544277516773380097	16	13	1
544277516773380097	17	1	-1
544277516773380097	18	16	1
544277516773380097	19	18	-1
544277516773380097	20	1	-1
544277516773380097	21	17	1
