544272537341812736	1	1	1
544272537341812736	2	1	-1
544272537341812736	3	1	1
544272537341812736	4	1	1
544272537341812736	5	1	-1
544272537341812736	6	1	1
544272537341812736	7	4	1
544272537341812736	8	1	-1
544272537341812736	9	1	-1
544272537341812736	10	1	-1
544272537341812736	11	1	-1
544272537341812736	12	11	1
544272537341812736	13	1	-1
544272537341812736	14	12	1
544272537341812736	15	13	1
544272537341812736	16	14	1
544272537341812736	17	16	-1
544272537341812736	18	17	1
544272537341812736	19	1	-1
544272537341812736	20	18	1
544272537341812736	21	9	1
544272537341812736	22	21	-1
