544290967369428992	1	1	1
544290967369428992	2	1	1
544290967369428992	3	1	-1
544290967369428992	4	1	-1
544290967369428992	5	1	1
544290967369428992	6	1	-1
544290967369428992	7	1	-1
544290967369428992	8	1	1
544290967369428992	9	1	-1
544290967369428992	10	1	-1
544290967369428992	11	1	1
544290967369428992	12	7	-1
544290967369428992	13	1	-1
544290967369428992	14	1	1
544290967369428992	15	12	1
544290967369428992	16	1	1
544290967369428992	17	1	-1
544290967369428992	18	1	1
544290967369428992	19	1	-1
544290967369428992	20	14	1
544290967369428992	21	20	1
544290967369428992	22	21	-1
544290967369428992	23	20	1
544290967369428992	24	21	1
544290967369428992	25	22	1
544290967369428992	26	22	1
544290967369428992	27	23	-1
544290967369428992	28	27	-1
544290967369428992	29	24	-1
544290967369428992	30	28	1
544290967369428992	31	27	1
544290967369428992	32	30	-1
544290967369428992	33	31	1
544290967369428992	34	33	-1
