544294893146091520	1	1	1
544294893146091520	2	1	1
544294893146091520	3	1	-1
544294893146091520	4	1	-1
544294893146091520	5	1	1
544294893146091520	6	1	-1
544294893146091520	7	1	-1
544294893146091520	8	1	1
544294893146091520	9	1	1
544294893146091520	10	9	1
544294893146091520	11	1	-1
544294893146091520	12	10	1
544294893146091520	13	1	-1
544294893146091520	14	1	1
544294893146091520	15	1	-1
544294893146091520	16	1	-1
544294893146091520	17	16	1
544294893146091520	18	16	-1
544294893146091520	19	16	1
544294893146091520	20	16	-1
544294893146091520	21	16	1
544294893146091520	22	5	1
544294893146091520	23	16	1
544294893146091520	24	16	-1
544294893146091520	25	16	-1
544294893146091520	26	15	1
544294893146091520	27	19	1
544294893146091520	28	27	-1
544294893146091520	29	2	1
