544294794139533313	1	1	1
544294794139533313	2	1	1
544294794139533313	3	1	-1
544294794139533313	4	1	1
544294794139533313	5	1	1
544294794139533313	6	1	-1
544294794139533313	7	1	-1
544294794139533313	8	1	1
544294794139533313	9	7	-1
544294794139533313	10	9	-1
544294794139533313	11	1	-1
544294794139533313	12	10	-1
544294794139533313	13	5	1
544294794139533313	14	2	1
544294794139533313	15	7	1
544294794139533313	16	15	1
544294794139533313	17	16	-1
544294794139533313	18	13	1
544294794139533313	19	17	1
544294794139533313	20	1	1
