544279950929321984	1	1	1
544279950929321984	2	1	-1
544279950929321984	3	1	1
544279950929321984	4	1	-1
544279950929321984	5	1	1
544279950929321984	6	1	1
544279950929321984	7	1	1
544279950929321984	8	1	-1
544279950929321984	9	1	1
544279950929321984	10	1	-1
544279950929321984	11	1	-1
544279950929321984	12	1	-1
544279950929321984	13	1	-1
544279950929321984	14	1	1
544279950929321984	15	1	-1
544279950929321984	16	1	1
544279950929321984	17	1	1
544279950929321984	18	1	1
544279950929321984	19	1	1
544279950929321984	20	1	1
544279950929321984	21	20	1
