544297950134816768	1	1	1
544297950134816768	2	1	1
544297950134816768	3	1	-1
544297950134816768	4	1	1
544297950134816768	5	1	-1
544297950134816768	6	1	1
544297950134816768	7	1	1
544297950134816768	8	1	-1
544297950134816768	9	6	-1
544297950134816768	10	1	1
544297950134816768	11	1	1
544297950134816768	12	1	-1
544297950134816768	13	11	-1
544297950134816768	14	3	1
544297950134816768	15	1	1
544297950134816768	16	13	1
544297950134816768	17	1	-1
544297950134816768	18	12	-1
544297950134816768	19	1	1
544297950134816768	20	19	1
544297950134816768	21	11	-1
544297950134816768	22	21	1
544297950134816768	23	16	1
544297950134816768	24	23	-1
544297950134816768	25	12	1
544297950134816768	26	10	1
544297950134816768	27	6	-1
