544294692456628224	1	1	1
544294692456628224	2	1	-1
544294692456628224	3	1	1
544294692456628224	4	1	1
544294692456628224	5	1	1
544294692456628224	6	4	-1
544294692456628224	7	1	-1
544294692456628224	8	6	1
544294692456628224	9	8	-1
544294692456628224	10	1	1
544294692456628224	11	9	-1
544294692456628224	12	9	-1
544294692456628224	13	9	-1
544294692456628224	14	9	-1
544294692456628224	15	14	1
544294692456628224	16	14	1
544294692456628224	17	14	-1
544294692456628224	18	14	1
544294692456628224	19	14	-1
544294692456628224	20	14	1
