544385641975676929	1	1	1
544385641975676929	2	1	1
544385641975676929	3	1	1
544385641975676929	4	1	-1
544385641975676929	5	1	-1
544385641975676929	6	1	-1
544385641975676929	7	1	1
544385641975676929	8	1	1
544385641975676929	9	1	-1
544385641975676929	10	6	-1
544385641975676929	11	1	-1
544385641975676929	12	11	-1
544385641975676929	13	1	-1
544385641975676929	14	1	1
544385641975676929	15	12	1
544385641975676929	16	1	1
544385641975676929	17	3	1
544385641975676929	18	1	1
544385641975676929	19	3	-1
544385641975676929	20	1	-1
544385641975676929	21	5	-1
544385641975676929	22	21	-1
544385641975676929	23	20	1
544385641975676929	24	23	-1
544385641975676929	25	24	-1
544385641975676929	26	3	-1
544385641975676929	27	26	-1
544385641975676929	28	3	-1
544385641975676929	29	27	1
