544338575240609792	1	1	1
544338575240609792	2	1	-1
544338575240609792	3	1	-1
544338575240609792	4	1	1
544338575240609792	5	1	1
544338575240609792	6	1	-1
544338575240609792	7	1	-1
544338575240609792	8	2	-1
544338575240609792	9	3	1
544338575240609792	10	1	1
544338575240609792	11	1	-1
544338575240609792	12	1	1
544338575240609792	13	1	1
544338575240609792	14	1	1
544338575240609792	15	1	-1
544338575240609792	16	1	-1
544338575240609792	17	1	-1
544338575240609792	18	1	-1
544338575240609792	19	1	1
544338575240609792	20	1	-1
