544343367279456256	1	1	1
544343367279456256	2	1	-1
544343367279456256	3	1	-1
544343367279456256	4	1	1
544343367279456256	5	4	-1
544343367279456256	6	1	-1
544343367279456256	7	1	-1
544343367279456256	8	1	1
544343367279456256	9	6	1
544343367279456256	10	1	1
544343367279456256	11	1	1
544343367279456256	12	1	-1
544343367279456256	13	1	-1
544343367279456256	14	1	-1
544343367279456256	15	1	-1
544343367279456256	16	1	-1
544343367279456256	17	1	-1
544343367279456256	18	1	1
544343367279456256	19	1	1
544343367279456256	20	1	-1
544343367279456256	21	3	1
544343367279456256	22	8	-1
544343367279456256	23	11	-1
544343367279456256	24	3	-1
