544315472075042818	1	1	1
544315472075042818	2	1	1
544315472075042818	3	1	1
544315472075042818	4	1	1
544315472075042818	5	1	1
544315472075042818	6	1	1
544315472075042818	7	1	1
544315472075042818	8	1	1
544315472075042818	9	1	1
544315472075042818	10	1	-1
544315472075042818	11	1	1
544315472075042818	12	1	1
544315472075042818	13	1	-1
544315472075042818	14	1	-1
544315472075042818	15	11	-1
544315472075042818	16	15	1
544315472075042818	17	3	1
544315472075042818	18	17	1
544315472075042818	19	18	-1
544315472075042818	20	13	1
544315472075042818	21	19	-1
544315472075042818	22	21	-1
544315472075042818	23	22	-1
544315472075042818	24	23	-1
544315472075042818	25	24	1
544315472075042818	26	20	-1
544315472075042818	27	26	-1
