544342204576038912	1	1	1
544342204576038912	2	1	-1
544342204576038912	3	1	-1
544342204576038912	4	1	1
544342204576038912	5	1	-1
544342204576038912	6	1	-1
544342204576038912	7	1	-1
544342204576038912	8	1	1
544342204576038912	9	6	-1
544342204576038912	10	1	1
544342204576038912	11	1	1
544342204576038912	12	1	-1
544342204576038912	13	1	1
544342204576038912	14	1	1
544342204576038912	15	1	-1
544342204576038912	16	1	-1
544342204576038912	17	1	-1
544342204576038912	18	1	1
544342204576038912	19	1	-1
544342204576038912	20	1	-1
544342204576038912	21	16	-1
544342204576038912	22	21	1
544342204576038912	23	22	1
544342204576038912	24	22	1
544342204576038912	25	23	1
544342204576038912	26	24	1
544342204576038912	27	26	-1
544342204576038912	28	26	-1
544342204576038912	29	26	-1
544342204576038912	30	27	1
544342204576038912	31	28	-1
544342204576038912	32	31	1
544342204576038912	33	31	-1
544342204576038912	34	31	1
