544313132865159169	1	1	1
544313132865159169	2	1	1
544313132865159169	3	1	1
544313132865159169	4	1	-1
544313132865159169	5	3	-1
544313132865159169	6	3	-1
544313132865159169	7	1	1
544313132865159169	8	1	1
544313132865159169	9	1	1
544313132865159169	10	3	1
544313132865159169	11	1	-1
544313132865159169	12	1	1
544313132865159169	13	1	-1
544313132865159169	14	6	-1
544313132865159169	15	14	-1
544313132865159169	16	1	-1
544313132865159169	17	14	1
544313132865159169	18	1	1
544313132865159169	19	1	1
544313132865159169	20	2	-1
544313132865159169	21	13	-1
544313132865159169	22	9	-1
