544333764814323713	1	1	1
544333764814323713	2	1	1
544333764814323713	3	1	1
544333764814323713	4	1	-1
544333764814323713	5	1	-1
544333764814323713	6	3	-1
544333764814323713	7	1	-1
544333764814323713	8	1	1
544333764814323713	9	1	1
544333764814323713	10	1	1
544333764814323713	11	1	-1
544333764814323713	12	11	-1
544333764814323713	13	1	1
544333764814323713	14	1	-1
544333764814323713	15	12	1
544333764814323713	16	1	1
544333764814323713	17	1	-1
544333764814323713	18	15	-1
544333764814323713	19	18	-1
544333764814323713	20	14	-1
544333764814323713	21	20	1
544333764814323713	22	20	1
544333764814323713	23	14	-1
544333764814323713	24	22	-1
