544385829180035072	1	1	1
544385829180035072	2	1	1
544385829180035072	3	1	-1
544385829180035072	4	1	-1
544385829180035072	5	1	1
544385829180035072	6	1	-1
544385829180035072	7	1	-1
544385829180035072	8	1	1
544385829180035072	9	7	-1
544385829180035072	10	1	-1
544385829180035072	11	9	1
544385829180035072	12	1	-1
544385829180035072	13	11	-1
544385829180035072	14	13	1
544385829180035072	15	14	-1
544385829180035072	16	15	-1
544385829180035072	17	15	-1
544385829180035072	18	12	-1
544385829180035072	19	16	-1
544385829180035072	20	19	1
544385829180035072	21	19	1
544385829180035072	22	20	-1
544385829180035072	23	22	-1
544385829180035072	24	23	1
544385829180035072	25	24	1
544385829180035072	26	17	-1
544385829180035072	27	26	1
544385829180035072	28	27	-1
544385829180035072	29	28	1
544385829180035072	30	28	-1
544385829180035072	31	29	-1
544385829180035072	32	29	1
544385829180035072	33	29	1
544385829180035072	34	30	1
544385829180035072	35	30	1
544385829180035072	36	30	1
544385829180035072	37	30	1
544385829180035072	38	30	1
544385829180035072	39	30	1
544385829180035072	40	39	-1
544385829180035072	41	40	1
544385829180035072	42	41	-1
544385829180035072	43	41	-1
544385829180035072	44	41	-1
544385829180035072	45	41	-1
544385829180035072	46	41	-1
