544316684736028673	1	1	1
544316684736028673	2	1	1
544316684736028673	3	1	1
544316684736028673	4	1	1
544316684736028673	5	1	1
544316684736028673	6	1	1
544316684736028673	7	1	-1
544316684736028673	8	1	-1
544316684736028673	9	1	1
544316684736028673	10	1	-1
544316684736028673	11	1	-1
544316684736028673	12	1	-1
544316684736028673	13	1	1
544316684736028673	14	1	1
544316684736028673	15	1	1
544316684736028673	16	1	-1
544316684736028673	17	1	-1
544316684736028673	18	1	-1
544316684736028673	19	1	-1
544316684736028673	20	1	1
