544384041391517697	1	1	1
544384041391517697	2	1	1
544384041391517697	3	1	-1
544384041391517697	4	1	-1
544384041391517697	5	2	-1
544384041391517697	6	5	1
544384041391517697	7	6	-1
544384041391517697	8	7	-1
544384041391517697	9	5	-1
544384041391517697	10	9	1
544384041391517697	11	10	-1
544384041391517697	12	10	-1
544384041391517697	13	10	-1
544384041391517697	14	13	1
544384041391517697	15	14	1
544384041391517697	16	13	1
544384041391517697	17	16	-1
544384041391517697	18	17	-1
544384041391517697	19	16	-1
544384041391517697	20	17	-1
544384041391517697	21	16	-1
544384041391517697	22	20	1
544384041391517697	23	20	-1
544384041391517697	24	21	-1
544384041391517697	25	24	1
544384041391517697	26	24	-1
544384041391517697	27	24	-1
544384041391517697	28	3	1
544384041391517697	29	24	-1
544384041391517697	30	27	1
544384041391517697	31	27	1
544384041391517697	32	30	1
544384041391517697	33	30	-1
544384041391517697	34	33	1
544384041391517697	35	33	-1
544384041391517697	36	35	-1
544384041391517697	37	33	-1
544384041391517697	38	34	1
544384041391517697	39	36	-1
544384041391517697	40	38	1
544384041391517697	41	37	1
544384041391517697	42	38	1
544384041391517697	43	38	1
544384041391517697	44	42	-1
544384041391517697	45	43	1
544384041391517697	46	43	-1
544384041391517697	47	44	-1
544384041391517697	48	6	1
544384041391517697	49	48	1
