544307161589772290	1	1	1
544307161589772290	2	1	-1
544307161589772290	3	1	-1
544307161589772290	4	1	-1
544307161589772290	5	1	-1
544307161589772290	6	1	1
544307161589772290	7	1	-1
544307161589772290	8	1	1
544307161589772290	9	1	-1
544307161589772290	10	5	1
544307161589772290	11	1	-1
544307161589772290	12	1	-1
544307161589772290	13	2	1
544307161589772290	14	13	1
544307161589772290	15	1	-1
544307161589772290	16	1	-1
544307161589772290	17	1	-1
544307161589772290	18	1	-1
544307161589772290	19	14	-1
544307161589772290	20	19	1
544307161589772290	21	20	1
544307161589772290	22	21	1
544307161589772290	23	2	-1
544307161589772290	24	23	1
544307161589772290	25	24	1
544307161589772290	26	24	-1
544307161589772290	27	26	-1
