544334554631536640	1	1	1
544334554631536640	2	1	-1
544334554631536640	3	1	-1
544334554631536640	4	1	1
544334554631536640	5	1	1
544334554631536640	6	4	-1
544334554631536640	7	4	1
544334554631536640	8	1	-1
544334554631536640	9	3	1
544334554631536640	10	5	1
544334554631536640	11	9	1
544334554631536640	12	6	1
544334554631536640	13	1	-1
544334554631536640	14	1	1
544334554631536640	15	1	1
544334554631536640	16	1	1
544334554631536640	17	1	-1
544334554631536640	18	1	-1
544334554631536640	19	1	1
544334554631536640	20	1	1
544334554631536640	21	13	1
544334554631536640	22	12	-1
544334554631536640	23	7	1
544334554631536640	24	23	1
544334554631536640	25	24	1
544334554631536640	26	25	1
544334554631536640	27	26	1
544334554631536640	28	26	-1
544334554631536640	29	28	1
544334554631536640	30	27	1
544334554631536640	31	27	1
544334554631536640	32	31	1
544334554631536640	33	31	-1
544334554631536640	34	33	-1
544334554631536640	35	34	-1
