544337383215226880	1	1	1
544337383215226880	2	1	1
544337383215226880	3	1	-1
544337383215226880	4	1	1
544337383215226880	5	1	-1
544337383215226880	6	5	1
544337383215226880	7	6	1
544337383215226880	8	5	-1
544337383215226880	9	8	-1
544337383215226880	10	9	1
544337383215226880	11	10	-1
544337383215226880	12	5	-1
544337383215226880	13	12	-1
544337383215226880	14	7	1
544337383215226880	15	1	-1
544337383215226880	16	14	-1
544337383215226880	17	5	-1
544337383215226880	18	1	-1
544337383215226880	19	18	1
544337383215226880	20	18	-1
544337383215226880	21	17	-1
544337383215226880	22	4	-1
544337383215226880	23	7	1
544337383215226880	24	23	1
544337383215226880	25	24	-1
544337383215226880	26	25	1
