544314234541469696	1	1	1
544314234541469696	2	1	-1
544314234541469696	3	1	-1
544314234541469696	4	1	-1
544314234541469696	5	1	-1
544314234541469696	6	1	1
544314234541469696	7	1	-1
544314234541469696	8	1	-1
544314234541469696	9	1	1
544314234541469696	10	1	1
544314234541469696	11	8	-1
544314234541469696	12	9	-1
544314234541469696	13	1	1
544314234541469696	14	1	1
544314234541469696	15	1	1
544314234541469696	16	1	-1
544314234541469696	17	1	-1
544314234541469696	18	17	1
544314234541469696	19	1	-1
544314234541469696	20	1	1
544314234541469696	21	20	-1
