544308793623207936	1	1	1
544308793623207936	2	1	1
544308793623207936	3	1	-1
544308793623207936	4	1	1
544308793623207936	5	1	-1
544308793623207936	6	1	1
544308793623207936	7	1	1
544308793623207936	8	2	1
544308793623207936	9	8	-1
544308793623207936	10	1	-1
544308793623207936	11	8	1
544308793623207936	12	1	1
544308793623207936	13	1	1
544308793623207936	14	1	1
544308793623207936	15	1	-1
544308793623207936	16	1	-1
544308793623207936	17	1	1
544308793623207936	18	3	-1
544308793623207936	19	1	1
544308793623207936	20	1	-1
544308793623207936	21	17	-1
544308793623207936	22	15	-1
544308793623207936	23	18	-1
544308793623207936	24	3	-1
544308793623207936	25	24	-1
544308793623207936	26	25	1
544308793623207936	27	3	-1
544308793623207936	28	26	1
544308793623207936	29	26	-1
544308793623207936	30	29	-1
544308793623207936	31	30	1
544308793623207936	32	28	1
544308793623207936	33	3	1
544308793623207936	34	33	1
544308793623207936	35	9	-1
544308793623207936	36	18	1
544308793623207936	37	35	-1
544308793623207936	38	18	-1
544308793623207936	39	38	-1
544308793623207936	40	39	1
544308793623207936	41	17	-1
544308793623207936	42	3	-1
544308793623207936	43	36	-1
544308793623207936	44	41	-1
544308793623207936	45	44	-1
544308793623207936	46	45	-1
544308793623207936	47	46	-1
544308793623207936	48	47	1
544308793623207936	49	2	1
