544372177965834240	1	1	1
544372177965834240	2	1	-1
544372177965834240	3	1	-1
544372177965834240	4	1	1
544372177965834240	5	1	1
544372177965834240	6	3	-1
544372177965834240	7	1	-1
544372177965834240	8	1	-1
544372177965834240	9	1	-1
544372177965834240	10	5	-1
544372177965834240	11	1	-1
544372177965834240	12	1	-1
544372177965834240	13	10	-1
544372177965834240	14	1	1
544372177965834240	15	1	-1
544372177965834240	16	1	1
544372177965834240	17	1	1
544372177965834240	18	1	1
544372177965834240	19	1	-1
544372177965834240	20	5	-1
544372177965834240	21	20	-1
544372177965834240	22	3	1
544372177965834240	23	4	1
544372177965834240	24	23	-1
544372177965834240	25	24	-1
544372177965834240	26	23	1
544372177965834240	27	26	1
544372177965834240	28	27	1
