544391176137089024	1	1	1
544391176137089024	2	1	-1
544391176137089024	3	1	1
544391176137089024	4	1	1
544391176137089024	5	1	1
544391176137089024	6	3	1
544391176137089024	7	3	-1
544391176137089024	8	1	-1
544391176137089024	9	1	-1
544391176137089024	10	9	-1
544391176137089024	11	1	-1
544391176137089024	12	1	1
544391176137089024	13	1	-1
544391176137089024	14	1	1
544391176137089024	15	1	-1
544391176137089024	16	1	1
544391176137089024	17	1	1
544391176137089024	18	5	-1
544391176137089024	19	1	-1
544391176137089024	20	6	1
544391176137089024	21	6	1
544391176137089024	22	21	1
544391176137089024	23	8	1
