544376469279875072	1	1	1
544376469279875072	2	1	1
544376469279875072	3	1	1
544376469279875072	4	1	1
544376469279875072	5	1	1
544376469279875072	6	4	-1
544376469279875072	7	1	1
544376469279875072	8	1	1
544376469279875072	9	1	-1
544376469279875072	10	1	1
544376469279875072	11	1	-1
544376469279875072	12	1	-1
544376469279875072	13	1	1
544376469279875072	14	1	-1
544376469279875072	15	1	1
544376469279875072	16	1	1
544376469279875072	17	1	-1
544376469279875072	18	1	-1
544376469279875072	19	1	-1
544376469279875072	20	1	1
544376469279875072	21	14	-1
544376469279875072	22	21	-1
544376469279875072	23	22	1
544376469279875072	24	22	-1
544376469279875072	25	10	-1
544376469279875072	26	14	1
544376469279875072	27	3	-1
544376469279875072	28	27	1
544376469279875072	29	28	-1
544376469279875072	30	29	1
544376469279875072	31	29	1
