544387886611570688	1	1	1
544387886611570688	2	1	-1
544387886611570688	3	1	1
544387886611570688	4	1	1
544387886611570688	5	1	1
544387886611570688	6	1	-1
544387886611570688	7	1	-1
544387886611570688	8	1	1
544387886611570688	9	1	1
544387886611570688	10	1	1
544387886611570688	11	1	1
544387886611570688	12	1	-1
544387886611570688	13	1	1
544387886611570688	14	1	1
544387886611570688	15	4	-1
544387886611570688	16	1	-1
544387886611570688	17	16	1
544387886611570688	18	17	-1
544387886611570688	19	18	-1
544387886611570688	20	1	-1
544387886611570688	21	19	1
