544384662765068288	1	1	1
544384662765068288	2	1	1
544384662765068288	3	1	1
544384662765068288	4	1	-1
544384662765068288	5	1	1
544384662765068288	6	1	1
544384662765068288	7	1	-1
544384662765068288	8	1	-1
544384662765068288	9	1	-1
544384662765068288	10	1	1
544384662765068288	11	10	-1
544384662765068288	12	11	-1
544384662765068288	13	12	1
544384662765068288	14	12	1
544384662765068288	15	14	1
544384662765068288	16	15	1
544384662765068288	17	14	-1
544384662765068288	18	16	1
544384662765068288	19	17	-1
544384662765068288	20	1	1
544384662765068288	21	10	1
544384662765068288	22	6	-1
544384662765068288	23	3	1
544384662765068288	24	23	-1
544384662765068288	25	23	1
544384662765068288	26	4	1
544384662765068288	27	25	1
544384662765068288	28	24	1
544384662765068288	29	27	1
544384662765068288	30	29	-1
544384662765068288	31	29	1
544384662765068288	32	31	-1
544384662765068288	33	32	1
544384662765068288	34	33	-1
544384662765068288	35	26	-1
