544317609718865920	1	1	1
544317609718865920	2	1	1
544317609718865920	3	1	1
544317609718865920	4	1	1
544317609718865920	5	1	-1
544317609718865920	6	1	1
544317609718865920	7	1	1
544317609718865920	8	1	1
544317609718865920	9	1	-1
544317609718865920	10	1	1
544317609718865920	11	1	-1
544317609718865920	12	1	-1
544317609718865920	13	1	1
544317609718865920	14	1	1
544317609718865920	15	1	-1
544317609718865920	16	1	1
544317609718865920	17	1	-1
544317609718865920	18	1	-1
544317609718865920	19	1	-1
544317609718865920	20	1	1
544317609718865920	21	18	1
544317609718865920	22	21	-1
544317609718865920	23	22	-1
544317609718865920	24	23	-1
544317609718865920	25	24	1
