544323127522906112	1	1	1
544323127522906112	2	1	-1
544323127522906112	3	2	-1
544323127522906112	4	1	1
544323127522906112	5	2	1
544323127522906112	6	1	1
544323127522906112	7	1	1
544323127522906112	8	1	-1
544323127522906112	9	1	-1
544323127522906112	10	1	1
544323127522906112	11	1	1
544323127522906112	12	1	-1
544323127522906112	13	1	-1
544323127522906112	14	1	-1
544323127522906112	15	1	-1
544323127522906112	16	15	1
544323127522906112	17	16	1
544323127522906112	18	17	-1
544323127522906112	19	17	-1
544323127522906112	20	17	-1
544323127522906112	21	17	1
544323127522906112	22	3	-1
544323127522906112	23	17	-1
544323127522906112	24	16	1
544323127522906112	25	17	1
544323127522906112	26	25	-1
