544307028815253504	1	1	1
544307028815253504	2	1	-1
544307028815253504	3	1	-1
544307028815253504	4	1	1
544307028815253504	5	1	1
544307028815253504	6	1	1
544307028815253504	7	4	1
544307028815253504	8	5	-1
544307028815253504	9	6	-1
544307028815253504	10	1	-1
544307028815253504	11	1	1
544307028815253504	12	1	1
544307028815253504	13	1	-1
544307028815253504	14	7	-1
544307028815253504	15	9	-1
544307028815253504	16	14	-1
544307028815253504	17	14	-1
544307028815253504	18	1	1
544307028815253504	19	14	1
544307028815253504	20	18	1
544307028815253504	21	14	1
544307028815253504	22	15	1
544307028815253504	23	14	1
544307028815253504	24	20	1
544307028815253504	25	14	1
544307028815253504	26	4	1
544307028815253504	27	22	-1
544307028815253504	28	16	-1
544307028815253504	29	24	-1
544307028815253504	30	28	1
544307028815253504	31	28	1
544307028815253504	32	31	-1
544307028815253504	33	28	-1
544307028815253504	34	28	-1
544307028815253504	35	32	1
544307028815253504	36	35	-1
544307028815253504	37	35	-1
544307028815253504	38	25	-1
544307028815253504	39	38	1
544307028815253504	40	39	-1
544307028815253504	41	40	1
544307028815253504	42	41	1
544307028815253504	43	42	1
544307028815253504	44	12	1
544307028815253504	45	35	1
544307028815253504	46	45	-1
544307028815253504	47	8	1
544307028815253504	48	44	-1
