544329935943237632	1	1	1
544329935943237632	2	1	-1
544329935943237632	3	1	-1
544329935943237632	4	1	-1
544329935943237632	5	1	-1
544329935943237632	6	1	1
544329935943237632	7	1	1
544329935943237632	8	1	-1
544329935943237632	9	1	1
544329935943237632	10	1	1
544329935943237632	11	1	1
544329935943237632	12	8	-1
544329935943237632	13	1	1
544329935943237632	14	1	1
544329935943237632	15	12	-1
544329935943237632	16	15	-1
544329935943237632	17	1	-1
544329935943237632	18	14	1
544329935943237632	19	1	-1
544329935943237632	20	18	-1
544329935943237632	21	16	-1
544329935943237632	22	20	1
544329935943237632	23	21	1
544329935943237632	24	23	-1
544329935943237632	25	7	-1
544329935943237632	26	9	1
544329935943237632	27	2	-1
544329935943237632	28	10	1
544329935943237632	29	16	1
544329935943237632	30	11	-1
544329935943237632	31	17	-1
544329935943237632	32	31	-1
544329935943237632	33	30	1
544329935943237632	34	29	1
544329935943237632	35	34	1
544329935943237632	36	5	1
544329935943237632	37	35	-1
544329935943237632	38	37	1
544329935943237632	39	10	1
544329935943237632	40	38	1
544329935943237632	41	4	-1
544329935943237632	42	25	1
544329935943237632	43	40	1
544329935943237632	44	26	1
544329935943237632	45	43	1
544329935943237632	46	3	1
544329935943237632	47	45	-1
544329935943237632	48	47	-1
544329935943237632	49	47	1
544329935943237632	50	42	-1
544329935943237632	51	47	1
544329935943237632	52	48	-1
544329935943237632	53	50	1
544329935943237632	54	50	1
544329935943237632	55	53	-1
544329935943237632	56	54	1
544329935943237632	57	53	1
544329935943237632	58	57	-1
544329935943237632	59	2	1
544329935943237632	60	4	-1
544329935943237632	61	5	-1
544329935943237632	62	7	1
544329935943237632	63	9	1
544329935943237632	64	61	-1
544329935943237632	65	9	1
544329935943237632	66	10	1
544329935943237632	67	63	1
544329935943237632	68	11	1
544329935943237632	69	65	1
544329935943237632	70	57	1
544329935943237632	71	13	-1
544329935943237632	72	17	1
544329935943237632	73	19	-1
544329935943237632	74	18	1
544329935943237632	75	20	-1
544329935943237632	76	57	-1
544329935943237632	77	75	-1
544329935943237632	78	59	1
544329935943237632	79	62	1
544329935943237632	80	77	-1
544329935943237632	81	76	1
544329935943237632	82	25	1
544329935943237632	83	71	-1
544329935943237632	84	82	-1
544329935943237632	85	65	1
544329935943237632	86	28	-1
544329935943237632	87	66	1
544329935943237632	88	29	-1
544329935943237632	89	88	1
544329935943237632	90	36	-1
544329935943237632	91	90	1
544329935943237632	92	53	-1
544329935943237632	93	20	1
544329935943237632	94	77	-1
544329935943237632	95	94	-1
544329935943237632	96	95	-1
544329935943237632	97	94	-1
544329935943237632	98	97	1
544329935943237632	99	98	1
544329935943237632	100	98	-1
544329935943237632	101	32	-1
544329935943237632	102	101	-1
544329935943237632	103	65	1
