544300369765859328	1	1	1
544300369765859328	2	1	-1
544300369765859328	3	1	1
544300369765859328	4	1	1
544300369765859328	5	1	-1
544300369765859328	6	1	1
544300369765859328	7	4	1
544300369765859328	8	1	1
544300369765859328	9	1	1
544300369765859328	10	1	1
544300369765859328	11	1	-1
544300369765859328	12	7	-1
544300369765859328	13	1	-1
544300369765859328	14	1	1
544300369765859328	15	1	1
544300369765859328	16	1	-1
544300369765859328	17	1	-1
544300369765859328	18	1	1
544300369765859328	19	17	-1
544300369765859328	20	19	-1
544300369765859328	21	6	1
544300369765859328	22	7	1
