544354657385316352	1	1	1
544354657385316352	2	1	1
544354657385316352	3	1	1
544354657385316352	4	1	-1
544354657385316352	5	1	1
544354657385316352	6	1	-1
544354657385316352	7	1	-1
544354657385316352	8	2	1
544354657385316352	9	3	-1
544354657385316352	10	1	-1
544354657385316352	11	1	1
544354657385316352	12	1	1
544354657385316352	13	1	-1
544354657385316352	14	1	1
544354657385316352	15	4	1
544354657385316352	16	1	1
544354657385316352	17	1	1
544354657385316352	18	15	1
544354657385316352	19	1	-1
544354657385316352	20	1	-1
