544301786849640448	1	1	1
544301786849640448	2	1	1
544301786849640448	3	1	1
544301786849640448	4	1	1
544301786849640448	5	1	-1
544301786849640448	6	1	1
544301786849640448	7	1	-1
544301786849640448	8	1	1
544301786849640448	9	1	-1
544301786849640448	10	1	-1
544301786849640448	11	1	1
544301786849640448	12	1	-1
544301786849640448	13	1	1
544301786849640448	14	1	-1
544301786849640448	15	1	1
544301786849640448	16	1	1
544301786849640448	17	1	-1
544301786849640448	18	1	-1
544301786849640448	19	1	-1
544301786849640448	20	1	-1
