544301149348982784	1	1	1
544301149348982784	2	1	-1
544301149348982784	3	1	1
544301149348982784	4	1	-1
544301149348982784	5	1	1
544301149348982784	6	1	1
544301149348982784	7	1	-1
544301149348982784	8	1	-1
544301149348982784	9	1	1
544301149348982784	10	1	1
544301149348982784	11	1	1
544301149348982784	12	1	1
544301149348982784	13	1	1
544301149348982784	14	1	-1
544301149348982784	15	1	-1
544301149348982784	16	1	1
544301149348982784	17	1	1
544301149348982784	18	1	-1
544301149348982784	19	1	-1
544301149348982784	20	1	1
544301149348982784	21	7	-1
544301149348982784	22	10	1
544301149348982784	23	10	-1
544301149348982784	24	21	-1
544301149348982784	25	10	-1
544301149348982784	26	23	-1
544301149348982784	27	22	1
544301149348982784	28	26	-1
544301149348982784	29	9	1
544301149348982784	30	27	-1
544301149348982784	31	28	1
544301149348982784	32	24	1
544301149348982784	33	25	-1
544301149348982784	34	23	-1
544301149348982784	35	33	-1
544301149348982784	36	34	1
544301149348982784	37	35	1
544301149348982784	38	37	-1
544301149348982784	39	37	-1
544301149348982784	40	38	1
544301149348982784	41	34	1
544301149348982784	42	9	-1
544301149348982784	43	9	1
544301149348982784	44	10	-1
544301149348982784	45	44	1
544301149348982784	46	45	-1
544301149348982784	47	20	-1
