544330861680664576	1	1	1
544330861680664576	2	1	-1
544330861680664576	3	1	-1
544330861680664576	4	1	-1
544330861680664576	5	1	-1
544330861680664576	6	1	-1
544330861680664576	7	1	-1
544330861680664576	8	1	-1
544330861680664576	9	1	1
544330861680664576	10	2	-1
544330861680664576	11	1	-1
544330861680664576	12	10	-1
544330861680664576	13	12	1
544330861680664576	14	1	-1
544330861680664576	15	1	-1
544330861680664576	16	1	-1
544330861680664576	17	1	-1
544330861680664576	18	17	1
544330861680664576	19	18	-1
544330861680664576	20	19	1
544330861680664576	21	20	1
544330861680664576	22	17	1
544330861680664576	23	17	-1
544330861680664576	24	8	1
