544388013141143552	1	1	1
544388013141143552	2	1	-1
544388013141143552	3	1	-1
544388013141143552	4	1	-1
544388013141143552	5	1	-1
544388013141143552	6	1	1
544388013141143552	7	1	-1
544388013141143552	8	1	1
544388013141143552	9	1	-1
544388013141143552	10	9	-1
544388013141143552	11	1	-1
544388013141143552	12	8	-1
544388013141143552	13	1	-1
544388013141143552	14	12	-1
544388013141143552	15	10	1
544388013141143552	16	14	1
544388013141143552	17	1	1
544388013141143552	18	15	1
544388013141143552	19	16	-1
544388013141143552	20	19	1
544388013141143552	21	13	1
544388013141143552	22	21	1
544388013141143552	23	22	1
