544431559320014848	1	1	1
544431559320014848	2	1	1
544431559320014848	3	2	1
544431559320014848	4	1	-1
544431559320014848	5	1	-1
544431559320014848	6	1	1
544431559320014848	7	1	1
544431559320014848	8	5	1
544431559320014848	9	1	1
544431559320014848	10	1	1
544431559320014848	11	1	1
544431559320014848	12	1	-1
544431559320014848	13	7	-1
544431559320014848	14	1	1
544431559320014848	15	1	1
544431559320014848	16	1	1
544431559320014848	17	1	-1
544431559320014848	18	1	1
544431559320014848	19	1	1
544431559320014848	20	1	1
544431559320014848	21	9	1
544431559320014848	22	2	-1
544431559320014848	23	3	-1
544431559320014848	24	4	1
544431559320014848	25	24	-1
544431559320014848	26	3	1
544431559320014848	27	2	1
544431559320014848	28	12	1
544431559320014848	29	25	1
544431559320014848	30	2	1
544431559320014848	31	3	1
544431559320014848	32	27	-1
544431559320014848	33	32	1
544431559320014848	34	33	-1
544431559320014848	35	34	1
544431559320014848	36	35	1
544431559320014848	37	7	1
544431559320014848	38	3	-1
544431559320014848	39	3	-1
544431559320014848	40	4	-1
544431559320014848	41	40	-1
544431559320014848	42	41	-1
544431559320014848	43	19	1
544431559320014848	44	4	1
544431559320014848	45	42	-1
544431559320014848	46	42	-1
544431559320014848	47	45	1
544431559320014848	48	46	1
544431559320014848	49	44	1
544431559320014848	50	47	-1
544431559320014848	51	48	-1
544431559320014848	52	49	1
544431559320014848	53	43	-1
544431559320014848	54	51	-1
544431559320014848	55	54	1
544431559320014848	56	54	-1
544431559320014848	57	56	-1
544431559320014848	58	57	-1
544431559320014848	59	58	-1
544431559320014848	60	53	-1
544431559320014848	61	53	-1
544431559320014848	62	53	-1
544431559320014848	63	28	-1
544431559320014848	64	63	1
544431559320014848	65	3	1
