544400775775289344	1	1	1
544400775775289344	2	1	1
544400775775289344	3	1	1
544400775775289344	4	1	-1
544400775775289344	5	3	-1
544400775775289344	6	5	-1
544400775775289344	7	1	1
544400775775289344	8	7	1
544400775775289344	9	6	-1
544400775775289344	10	1	-1
544400775775289344	11	8	-1
544400775775289344	12	9	-1
544400775775289344	13	2	1
544400775775289344	14	1	-1
544400775775289344	15	1	-1
544400775775289344	16	1	-1
544400775775289344	17	1	-1
544400775775289344	18	1	-1
544400775775289344	19	14	-1
544400775775289344	20	19	-1
544400775775289344	21	12	1
544400775775289344	22	21	1
544400775775289344	23	20	-1
544400775775289344	24	3	-1
544400775775289344	25	24	1
544400775775289344	26	17	1
544400775775289344	27	26	1
544400775775289344	28	27	1
544400775775289344	29	19	-1
544400775775289344	30	28	1
