544475686740967424	1	1	1
544475686740967424	2	1	-1
544475686740967424	3	1	-1
544475686740967424	4	3	1
544475686740967424	5	1	1
544475686740967424	6	1	-1
544475686740967424	7	1	-1
544475686740967424	8	1	1
544475686740967424	9	1	-1
544475686740967424	10	1	-1
544475686740967424	11	1	1
544475686740967424	12	4	1
544475686740967424	13	12	-1
544475686740967424	14	13	-1
544475686740967424	15	1	-1
544475686740967424	16	1	1
544475686740967424	17	4	-1
544475686740967424	18	17	-1
544475686740967424	19	18	-1
544475686740967424	20	19	-1
