544428943080951808	1	1	1
544428943080951808	2	1	-1
544428943080951808	3	1	-1
544428943080951808	4	1	1
544428943080951808	5	1	1
544428943080951808	6	1	-1
544428943080951808	7	3	1
544428943080951808	8	3	-1
544428943080951808	9	1	1
544428943080951808	10	1	1
544428943080951808	11	3	1
544428943080951808	12	3	-1
544428943080951808	13	3	1
544428943080951808	14	1	1
544428943080951808	15	5	1
544428943080951808	16	5	-1
544428943080951808	17	3	-1
544428943080951808	18	3	1
544428943080951808	19	3	1
544428943080951808	20	1	1
544428943080951808	21	15	1
544428943080951808	22	21	-1
544428943080951808	23	21	-1
544428943080951808	24	21	1
544428943080951808	25	24	-1
544428943080951808	26	24	-1
544428943080951808	27	11	1
