544426421331169280	1	1	1
544426421331169280	2	1	-1
544426421331169280	3	1	1
544426421331169280	4	1	1
544426421331169280	5	1	-1
544426421331169280	6	1	-1
544426421331169280	7	1	-1
544426421331169280	8	1	1
544426421331169280	9	1	1
544426421331169280	10	1	-1
544426421331169280	11	1	1
544426421331169280	12	1	1
544426421331169280	13	1	1
544426421331169280	14	1	1
544426421331169280	15	1	-1
544426421331169280	16	1	1
544426421331169280	17	1	-1
544426421331169280	18	1	-1
544426421331169280	19	1	-1
544426421331169280	20	1	1
