544428261602623488	1	1	1
544428261602623488	2	1	1
544428261602623488	3	1	1
544428261602623488	4	1	-1
544428261602623488	5	1	1
544428261602623488	6	5	-1
544428261602623488	7	2	1
544428261602623488	8	7	-1
544428261602623488	9	1	1
544428261602623488	10	6	-1
544428261602623488	11	1	-1
544428261602623488	12	8	-1
544428261602623488	13	12	1
544428261602623488	14	4	-1
544428261602623488	15	3	1
544428261602623488	16	1	-1
544428261602623488	17	1	-1
544428261602623488	18	16	-1
544428261602623488	19	18	1
544428261602623488	20	18	-1
544428261602623488	21	12	-1
544428261602623488	22	20	-1
544428261602623488	23	15	1
544428261602623488	24	14	-1
544428261602623488	25	2	1
544428261602623488	26	25	1
544428261602623488	27	26	-1
544428261602623488	28	27	1
544428261602623488	29	28	1
544428261602623488	30	29	1
544428261602623488	31	30	-1
544428261602623488	32	31	1
544428261602623488	33	32	1
544428261602623488	34	33	-1
544428261602623488	35	7	1
544428261602623488	36	33	-1
544428261602623488	37	34	1
544428261602623488	38	37	-1
544428261602623488	39	36	-1
544428261602623488	40	38	1
544428261602623488	41	40	-1
544428261602623488	42	39	1
544428261602623488	43	42	-1
544428261602623488	44	42	1
544428261602623488	45	44	1
544428261602623488	46	44	1
544428261602623488	47	43	-1
544428261602623488	48	47	-1
544428261602623488	49	48	1
544428261602623488	50	47	-1
544428261602623488	51	50	1
544428261602623488	52	49	-1
544428261602623488	53	52	1
544428261602623488	54	51	1
544428261602623488	55	50	-1
544428261602623488	56	55	1
544428261602623488	57	56	1
