544450580367024128	1	1	1
544450580367024128	2	1	-1
544450580367024128	3	1	1
544450580367024128	4	1	-1
544450580367024128	5	1	-1
544450580367024128	6	1	-1
544450580367024128	7	1	-1
544450580367024128	8	1	-1
544450580367024128	9	1	-1
544450580367024128	10	1	-1
544450580367024128	11	1	-1
544450580367024128	12	1	1
544450580367024128	13	1	-1
544450580367024128	14	1	1
544450580367024128	15	1	-1
544450580367024128	16	1	1
544450580367024128	17	1	1
544450580367024128	18	1	1
544450580367024128	19	1	1
544450580367024128	20	13	1
