544496062321664001	1	1	1
544496062321664001	2	1	1
544496062321664001	3	1	1
544496062321664001	4	1	-1
544496062321664001	5	3	-1
544496062321664001	6	1	1
544496062321664001	7	1	-1
544496062321664001	8	1	-1
544496062321664001	9	1	-1
544496062321664001	10	8	-1
544496062321664001	11	1	1
544496062321664001	12	1	-1
544496062321664001	13	10	1
544496062321664001	14	1	-1
544496062321664001	15	1	-1
544496062321664001	16	1	-1
544496062321664001	17	15	-1
544496062321664001	18	1	1
544496062321664001	19	16	-1
544496062321664001	20	19	-1
544496062321664001	21	20	1
544496062321664001	22	20	1
544496062321664001	23	21	1
544496062321664001	24	17	-1
544496062321664001	25	23	1
544496062321664001	26	24	-1
544496062321664001	27	26	1
544496062321664001	28	25	1
544496062321664001	29	26	-1
544496062321664001	30	25	-1
544496062321664001	31	17	-1
544496062321664001	32	19	-1
544496062321664001	33	19	-1
544496062321664001	34	19	-1
544496062321664001	35	3	1
544496062321664001	36	32	-1
544496062321664001	37	35	-1
544496062321664001	38	5	-1
544496062321664001	39	10	1
