544420375224791040	1	1	1
544420375224791040	2	1	-1
544420375224791040	3	1	-1
544420375224791040	4	1	-1
544420375224791040	5	1	-1
544420375224791040	6	1	1
544420375224791040	7	1	-1
544420375224791040	8	1	-1
544420375224791040	9	2	-1
544420375224791040	10	1	-1
544420375224791040	11	9	1
544420375224791040	12	1	-1
544420375224791040	13	1	1
544420375224791040	14	1	1
544420375224791040	15	12	1
544420375224791040	16	1	1
544420375224791040	17	1	1
544420375224791040	18	1	1
544420375224791040	19	1	1
544420375224791040	20	1	1
544420375224791040	21	19	1
