544420349052342272	1	1	1
544420349052342272	2	1	-1
544420349052342272	3	1	-1
544420349052342272	4	1	-1
544420349052342272	5	3	1
544420349052342272	6	1	-1
544420349052342272	7	1	1
544420349052342272	8	3	-1
544420349052342272	9	1	-1
544420349052342272	10	9	-1
544420349052342272	11	1	-1
544420349052342272	12	11	-1
544420349052342272	13	1	-1
544420349052342272	14	1	-1
544420349052342272	15	14	1
544420349052342272	16	15	-1
544420349052342272	17	16	1
544420349052342272	18	17	1
544420349052342272	19	18	-1
544420349052342272	20	17	-1
544420349052342272	21	20	-1
544420349052342272	22	19	1
544420349052342272	23	22	-1
544420349052342272	24	22	1
544420349052342272	25	3	-1
