544406931897479168	1	1	1
544406931897479168	2	1	1
544406931897479168	3	1	1
544406931897479168	4	1	1
544406931897479168	5	1	1
544406931897479168	6	1	1
544406931897479168	7	1	1
544406931897479168	8	1	-1
544406931897479168	9	6	1
544406931897479168	10	1	-1
544406931897479168	11	10	-1
544406931897479168	12	11	-1
544406931897479168	13	1	1
544406931897479168	14	2	-1
544406931897479168	15	12	1
544406931897479168	16	2	1
544406931897479168	17	4	1
544406931897479168	18	17	1
544406931897479168	19	18	1
544406931897479168	20	3	-1
544406931897479168	21	20	-1
