544494408515608576	1	1	1
544494408515608576	2	1	-1
544494408515608576	3	1	-1
544494408515608576	4	1	-1
544494408515608576	5	1	-1
544494408515608576	6	1	1
544494408515608576	7	1	1
544494408515608576	8	1	-1
544494408515608576	9	1	-1
544494408515608576	10	1	-1
544494408515608576	11	8	1
544494408515608576	12	8	1
544494408515608576	13	11	1
544494408515608576	14	1	1
544494408515608576	15	1	1
544494408515608576	16	1	1
544494408515608576	17	1	1
544494408515608576	18	1	-1
544494408515608576	19	6	-1
544494408515608576	20	13	1
544494408515608576	21	20	1
544494408515608576	22	21	-1
544494408515608576	23	6	1
544494408515608576	24	8	1
544494408515608576	25	24	1
544494408515608576	26	25	-1
544494408515608576	27	26	-1
544494408515608576	28	14	1
