544410050572582912	1	1	1
544410050572582912	2	1	-1
544410050572582912	3	1	-1
544410050572582912	4	1	-1
544410050572582912	5	1	-1
544410050572582912	6	1	1
544410050572582912	7	1	-1
544410050572582912	8	1	1
544410050572582912	9	1	-1
544410050572582912	10	1	-1
544410050572582912	11	1	1
544410050572582912	12	1	-1
544410050572582912	13	1	1
544410050572582912	14	1	1
544410050572582912	15	1	-1
544410050572582912	16	1	1
544410050572582912	17	1	1
544410050572582912	18	1	1
544410050572582912	19	1	-1
544410050572582912	20	1	-1
544410050572582912	21	14	-1
544410050572582912	22	21	-1
