544483282352889857	1	1	1
544483282352889857	2	1	1
544483282352889857	3	1	1
544483282352889857	4	1	1
544483282352889857	5	3	-1
544483282352889857	6	1	1
544483282352889857	7	1	-1
544483282352889857	8	3	-1
544483282352889857	9	2	-1
544483282352889857	10	1	1
544483282352889857	11	1	1
544483282352889857	12	9	1
544483282352889857	13	1	1
544483282352889857	14	12	-1
544483282352889857	15	9	1
544483282352889857	16	15	1
544483282352889857	17	16	1
544483282352889857	18	16	-1
544483282352889857	19	18	-1
544483282352889857	20	19	-1
544483282352889857	21	18	1
544483282352889857	22	19	1
544483282352889857	23	22	-1
544483282352889857	24	21	-1
544483282352889857	25	20	1
544483282352889857	26	25	1
544483282352889857	27	26	1
544483282352889857	28	27	1
544483282352889857	29	28	-1
544483282352889857	30	28	-1
544483282352889857	31	28	-1
