544452299641192448	1	1	1
544452299641192448	2	1	1
544452299641192448	3	1	-1
544452299641192448	4	1	-1
544452299641192448	5	4	-1
544452299641192448	6	2	1
544452299641192448	7	6	1
544452299641192448	8	1	1
544452299641192448	9	7	-1
544452299641192448	10	1	1
544452299641192448	11	1	-1
544452299641192448	12	7	-1
544452299641192448	13	1	1
544452299641192448	14	7	1
544452299641192448	15	1	1
544452299641192448	16	15	1
544452299641192448	17	16	1
544452299641192448	18	16	1
544452299641192448	19	18	-1
544452299641192448	20	2	1
544452299641192448	21	20	1
544452299641192448	22	20	-1
544452299641192448	23	2	-1
544452299641192448	24	9	-1
544452299641192448	25	22	-1
544452299641192448	26	22	-1
544452299641192448	27	22	1
544452299641192448	28	23	1
544452299641192448	29	28	1
544452299641192448	30	29	1
544452299641192448	31	24	1
544452299641192448	32	2	1
544452299641192448	33	4	-1
544452299641192448	34	7	1
544452299641192448	35	21	1
544452299641192448	36	33	1
544452299641192448	37	36	-1
544452299641192448	38	7	-1
544452299641192448	39	38	-1
544452299641192448	40	10	1
544452299641192448	41	40	1
544452299641192448	42	41	-1
544452299641192448	43	42	1
544452299641192448	44	43	-1
544452299641192448	45	44	-1
544452299641192448	46	44	-1
544452299641192448	47	44	1
544452299641192448	48	44	-1
544452299641192448	49	45	-1
544452299641192448	50	44	-1
544452299641192448	51	50	-1
544452299641192448	52	50	-1
544452299641192448	53	46	1
544452299641192448	54	51	1
544452299641192448	55	52	-1
544452299641192448	56	55	-1
544452299641192448	57	54	-1
544452299641192448	58	56	-1
544452299641192448	59	58	-1
544452299641192448	60	57	1
544452299641192448	61	60	1
544452299641192448	62	60	-1
544452299641192448	63	62	-1
544452299641192448	64	63	1
