544472800379940864	1	1	1
544472800379940864	2	1	1
544472800379940864	3	1	1
544472800379940864	4	1	1
544472800379940864	5	1	-1
544472800379940864	6	1	1
544472800379940864	7	1	1
544472800379940864	8	1	1
544472800379940864	9	1	-1
544472800379940864	10	1	-1
544472800379940864	11	1	1
544472800379940864	12	1	1
544472800379940864	13	1	1
544472800379940864	14	1	-1
544472800379940864	15	1	1
544472800379940864	16	1	-1
544472800379940864	17	1	1
544472800379940864	18	1	1
544472800379940864	19	1	1
544472800379940864	20	4	1
544472800379940864	21	20	1
