544495737770618880	1	1	1
544495737770618880	2	1	-1
544495737770618880	3	1	1
544495737770618880	4	1	-1
544495737770618880	5	1	-1
544495737770618880	6	1	-1
544495737770618880	7	1	1
544495737770618880	8	1	1
544495737770618880	9	1	-1
544495737770618880	10	1	-1
544495737770618880	11	1	1
544495737770618880	12	1	-1
544495737770618880	13	1	-1
544495737770618880	14	2	1
544495737770618880	15	1	1
544495737770618880	16	11	1
544495737770618880	17	13	1
544495737770618880	18	1	-1
544495737770618880	19	14	1
544495737770618880	20	16	1
544495737770618880	21	16	-1
544495737770618880	22	21	1
544495737770618880	23	22	1
544495737770618880	24	9	1
