544409869990633473	1	1	1
544409869990633473	2	1	-1
544409869990633473	3	1	-1
544409869990633473	4	1	-1
544409869990633473	5	1	-1
544409869990633473	6	1	1
544409869990633473	7	4	1
544409869990633473	8	1	1
544409869990633473	9	4	-1
544409869990633473	10	1	1
544409869990633473	11	9	1
544409869990633473	12	1	1
544409869990633473	13	1	-1
544409869990633473	14	1	1
544409869990633473	15	11	-1
544409869990633473	16	4	-1
544409869990633473	17	1	1
544409869990633473	18	1	1
544409869990633473	19	1	-1
544409869990633473	20	1	1
544409869990633473	21	20	1
544409869990633473	22	21	1
544409869990633473	23	22	-1
544409869990633473	24	23	-1
