544445364322197504	1	1	1
544445364322197504	2	1	-1
544445364322197504	3	1	1
544445364322197504	4	1	-1
544445364322197504	5	1	-1
544445364322197504	6	3	-1
544445364322197504	7	1	-1
544445364322197504	8	6	-1
544445364322197504	9	7	-1
544445364322197504	10	1	1
544445364322197504	11	2	-1
544445364322197504	12	8	-1
544445364322197504	13	9	1
544445364322197504	14	9	1
544445364322197504	15	1	-1
544445364322197504	16	9	1
544445364322197504	17	11	-1
544445364322197504	18	12	-1
544445364322197504	19	1	-1
544445364322197504	20	13	-1
544445364322197504	21	18	1
544445364322197504	22	20	-1
544445364322197504	23	22	1
544445364322197504	24	22	-1
544445364322197504	25	24	-1
544445364322197504	26	25	-1
544445364322197504	27	23	1
544445364322197504	28	27	1
544445364322197504	29	24	1
544445364322197504	30	29	1
544445364322197504	31	17	1
544445364322197504	32	31	1
544445364322197504	33	31	1
544445364322197504	34	3	-1
544445364322197504	35	34	1
544445364322197504	36	35	1
544445364322197504	37	36	1
544445364322197504	38	28	1
544445364322197504	39	32	-1
544445364322197504	40	32	1
544445364322197504	41	30	1
544445364322197504	42	30	-1
544445364322197504	43	30	1
544445364322197504	44	30	1
544445364322197504	45	42	-1
544445364322197504	46	30	1
544445364322197504	47	30	-1
544445364322197504	48	44	1
544445364322197504	49	46	1
544445364322197504	50	45	-1
544445364322197504	51	15	1
544445364322197504	52	32	1
544445364322197504	53	32	-1
544445364322197504	54	26	1
544445364322197504	55	26	1
544445364322197504	56	26	-1
544445364322197504	57	29	-1
544445364322197504	58	41	1
544445364322197504	59	41	1
544445364322197504	60	41	-1
544445364322197504	61	60	1
544445364322197504	62	61	-1
544445364322197504	63	61	-1
544445364322197504	64	61	1
544445364322197504	65	64	1
544445364322197504	66	65	1
544445364322197504	67	48	-1
544445364322197504	68	48	-1
544445364322197504	69	54	-1
544445364322197504	70	57	-1
544445364322197504	71	55	1
544445364322197504	72	55	1
544445364322197504	73	49	-1
544445364322197504	74	49	-1
544445364322197504	75	72	1
544445364322197504	76	50	-1
544445364322197504	77	61	-1
544445364322197504	78	52	-1
544445364322197504	79	78	1
544445364322197504	80	78	1
544445364322197504	81	79	1
544445364322197504	82	79	1
544445364322197504	83	79	-1
544445364322197504	84	79	-1
544445364322197504	85	80	-1
544445364322197504	86	84	-1
544445364322197504	87	85	1
544445364322197504	88	87	-1
544445364322197504	89	88	-1
544445364322197504	90	88	-1
544445364322197504	91	89	-1
544445364322197504	92	91	-1
544445364322197504	93	91	-1
544445364322197504	94	91	1
544445364322197504	95	93	-1
544445364322197504	96	51	-1
544445364322197504	97	51	-1
544445364322197504	98	97	-1
544445364322197504	99	97	1
544445364322197504	100	97	-1
544445364322197504	101	96	1
544445364322197504	102	98	1
544445364322197504	103	101	1
544445364322197504	104	103	-1
544445364322197504	105	104	-1
544445364322197504	106	75	1
544445364322197504	107	75	-1
544445364322197504	108	105	-1
544445364322197504	109	97	1
544445364322197504	110	77	-1
544445364322197504	111	110	-1
