544491160803106816	1	1	1
544491160803106816	2	1	1
544491160803106816	3	1	-1
544491160803106816	4	1	1
544491160803106816	5	1	-1
544491160803106816	6	1	-1
544491160803106816	7	1	-1
544491160803106816	8	1	1
544491160803106816	9	1	-1
544491160803106816	10	1	1
544491160803106816	11	1	1
544491160803106816	12	1	-1
544491160803106816	13	1	1
544491160803106816	14	1	1
544491160803106816	15	1	-1
544491160803106816	16	1	-1
544491160803106816	17	1	1
544491160803106816	18	1	-1
544491160803106816	19	1	-1
544491160803106816	20	9	1
544491160803106816	21	20	1
544491160803106816	22	17	1
544491160803106816	23	21	-1
544491160803106816	24	23	1
544491160803106816	25	24	1
544491160803106816	26	17	1
544491160803106816	27	9	1
