544499780479893504	1	1	1
544499780479893504	2	1	-1
544499780479893504	3	1	1
544499780479893504	4	1	1
544499780479893504	5	1	1
544499780479893504	6	1	1
544499780479893504	7	1	1
544499780479893504	8	1	-1
544499780479893504	9	3	-1
544499780479893504	10	1	1
544499780479893504	11	1	1
544499780479893504	12	9	1
544499780479893504	13	12	1
544499780479893504	14	12	1
544499780479893504	15	1	1
544499780479893504	16	13	1
544499780479893504	17	1	1
544499780479893504	18	16	1
544499780479893504	19	1	1
544499780479893504	20	2	-1
544499780479893504	21	20	1
544499780479893504	22	21	1
544499780479893504	23	13	-1
544499780479893504	24	22	1
544499780479893504	25	3	-1
544499780479893504	26	5	-1
544499780479893504	27	13	-1
544499780479893504	28	23	-1
544499780479893504	29	23	-1
544499780479893504	30	5	-1
