544463189447294976	1	1	1
544463189447294976	2	1	-1
544463189447294976	3	1	-1
544463189447294976	4	1	-1
544463189447294976	5	1	1
544463189447294976	6	5	1
544463189447294976	7	1	-1
544463189447294976	8	1	-1
544463189447294976	9	1	-1
544463189447294976	10	1	1
544463189447294976	11	1	-1
544463189447294976	12	1	1
544463189447294976	13	1	1
544463189447294976	14	1	1
544463189447294976	15	1	-1
544463189447294976	16	1	1
544463189447294976	17	1	1
544463189447294976	18	1	1
544463189447294976	19	1	-1
544463189447294976	20	1	-1
544463189447294976	21	6	-1
544463189447294976	22	8	1
544463189447294976	23	15	-1
544463189447294976	24	18	1
544463189447294976	25	6	1
544463189447294976	26	25	1
544463189447294976	27	26	1
544463189447294976	28	27	-1
544463189447294976	29	28	1
544463189447294976	30	22	-1
544463189447294976	31	24	-1
