544414430025371649	1	1	1
544414430025371649	2	1	-1
544414430025371649	3	1	-1
544414430025371649	4	1	-1
544414430025371649	5	1	-1
544414430025371649	6	1	1
544414430025371649	7	1	-1
544414430025371649	8	1	-1
544414430025371649	9	1	-1
544414430025371649	10	1	1
544414430025371649	11	1	1
544414430025371649	12	1	1
544414430025371649	13	1	-1
544414430025371649	14	1	-1
544414430025371649	15	5	1
544414430025371649	16	10	1
544414430025371649	17	1	1
544414430025371649	18	1	1
544414430025371649	19	1	1
544414430025371649	20	1	1
544414430025371649	21	15	1
544414430025371649	22	5	1
544414430025371649	23	21	-1
544414430025371649	24	21	-1
544414430025371649	25	21	1
544414430025371649	26	25	1
