544456216907636736	1	1	1
544456216907636736	2	1	1
544456216907636736	3	1	-1
544456216907636736	4	1	-1
544456216907636736	5	1	1
544456216907636736	6	3	-1
544456216907636736	7	1	1
544456216907636736	8	6	-1
544456216907636736	9	1	-1
544456216907636736	10	1	-1
544456216907636736	11	8	-1
544456216907636736	12	1	-1
544456216907636736	13	10	-1
544456216907636736	14	1	-1
544456216907636736	15	11	-1
544456216907636736	16	1	1
544456216907636736	17	15	1
544456216907636736	18	10	1
544456216907636736	19	11	1
544456216907636736	20	13	-1
544456216907636736	21	18	1
544456216907636736	22	19	1
544456216907636736	23	21	1
544456216907636736	24	22	1
544456216907636736	25	23	1
544456216907636736	26	25	1
544456216907636736	27	26	1
544456216907636736	28	18	1
544456216907636736	29	27	-1
544456216907636736	30	28	-1
544456216907636736	31	28	1
544456216907636736	32	29	1
544456216907636736	33	31	1
544456216907636736	34	32	1
544456216907636736	35	33	-1
544456216907636736	36	34	-1
544456216907636736	37	36	1
544456216907636736	38	37	1
544456216907636736	39	35	-1
544456216907636736	40	38	1
544456216907636736	41	39	-1
544456216907636736	42	39	-1
544456216907636736	43	1	-1
544456216907636736	44	1	-1
544456216907636736	45	1	1
