544447757860483072	1	1	1
544447757860483072	2	1	-1
544447757860483072	3	1	1
544447757860483072	4	1	-1
544447757860483072	5	1	-1
544447757860483072	6	1	1
544447757860483072	7	1	-1
544447757860483072	8	1	-1
544447757860483072	9	1	-1
544447757860483072	10	1	1
544447757860483072	11	1	1
544447757860483072	12	1	1
544447757860483072	13	1	1
544447757860483072	14	1	-1
544447757860483072	15	14	1
544447757860483072	16	1	1
544447757860483072	17	1	-1
544447757860483072	18	1	-1
544447757860483072	19	1	1
544447757860483072	20	5	-1
544447757860483072	21	20	1
