544419788739461121	1	1	1
544419788739461121	2	1	-1
544419788739461121	3	1	1
544419788739461121	4	1	-1
544419788739461121	5	1	1
544419788739461121	6	1	1
544419788739461121	7	1	1
544419788739461121	8	1	-1
544419788739461121	9	1	1
544419788739461121	10	1	1
544419788739461121	11	1	1
544419788739461121	12	11	-1
544419788739461121	13	12	-1
544419788739461121	14	13	1
544419788739461121	15	14	-1
544419788739461121	16	15	1
544419788739461121	17	16	-1
544419788739461121	18	17	-1
544419788739461121	19	18	1
544419788739461121	20	19	1
544419788739461121	21	19	1
544419788739461121	22	20	-1
544419788739461121	23	22	-1
544419788739461121	24	23	1
544419788739461121	25	24	-1
544419788739461121	26	25	1
544419788739461121	27	26	-1
544419788739461121	28	27	-1
544419788739461121	29	28	-1
544419788739461121	30	29	1
