544512108885725184	1	1	1
544512108885725184	2	1	-1
544512108885725184	3	1	1
544512108885725184	4	1	1
544512108885725184	5	1	1
544512108885725184	6	3	1
544512108885725184	7	1	1
544512108885725184	8	3	-1
544512108885725184	9	3	-1
544512108885725184	10	3	1
544512108885725184	11	1	1
544512108885725184	12	11	1
544512108885725184	13	11	1
544512108885725184	14	1	-1
544512108885725184	15	1	-1
544512108885725184	16	13	1
544512108885725184	17	16	-1
544512108885725184	18	16	1
544512108885725184	19	17	1
544512108885725184	20	19	1
