544513199375384576	1	1	1
544513199375384576	2	1	1
544513199375384576	3	1	-1
544513199375384576	4	1	-1
544513199375384576	5	1	-1
544513199375384576	6	1	-1
544513199375384576	7	1	-1
544513199375384576	8	1	1
544513199375384576	9	1	1
544513199375384576	10	1	1
544513199375384576	11	1	-1
544513199375384576	12	1	-1
544513199375384576	13	1	1
544513199375384576	14	1	-1
544513199375384576	15	1	-1
544513199375384576	16	1	1
544513199375384576	17	15	-1
544513199375384576	18	15	1
544513199375384576	19	18	-1
544513199375384576	20	19	-1
544513199375384576	21	5	-1
544513199375384576	22	5	-1
