544512691948498944	1	1	1
544512691948498944	2	1	1
544512691948498944	3	1	-1
544512691948498944	4	1	1
544512691948498944	5	1	-1
544512691948498944	6	1	1
544512691948498944	7	1	-1
544512691948498944	8	1	1
544512691948498944	9	1	1
544512691948498944	10	1	1
544512691948498944	11	1	-1
544512691948498944	12	1	1
544512691948498944	13	1	-1
544512691948498944	14	1	-1
544512691948498944	15	1	1
544512691948498944	16	1	1
544512691948498944	17	1	-1
544512691948498944	18	1	-1
544512691948498944	19	1	-1
544512691948498944	20	1	1
544512691948498944	21	11	-1
544512691948498944	22	11	-1
544512691948498944	23	12	-1
544512691948498944	24	9	-1
544512691948498944	25	23	1
544512691948498944	26	11	-1
544512691948498944	27	11	1
544512691948498944	28	27	-1
544512691948498944	29	9	-1
