544502782267752449	1	1	1
544502782267752449	2	1	-1
544502782267752449	3	1	-1
544502782267752449	4	2	1
544502782267752449	5	4	-1
544502782267752449	6	1	1
544502782267752449	7	1	1
544502782267752449	8	1	1
544502782267752449	9	1	-1
544502782267752449	10	9	-1
544502782267752449	11	1	1
544502782267752449	12	2	-1
544502782267752449	13	2	-1
544502782267752449	14	2	-1
544502782267752449	15	1	-1
544502782267752449	16	1	1
544502782267752449	17	1	-1
544502782267752449	18	1	1
544502782267752449	19	10	-1
544502782267752449	20	3	1
544502782267752449	21	19	1
544502782267752449	22	20	-1
544502782267752449	23	22	1
544502782267752449	24	23	-1
544502782267752449	25	22	-1
544502782267752449	26	25	-1
544502782267752449	27	2	1
544502782267752449	28	19	-1
544502782267752449	29	28	-1
544502782267752449	30	7	1
