544506443626741762	1	1	1
544506443626741762	2	1	-1
544506443626741762	3	1	-1
544506443626741762	4	1	1
544506443626741762	5	1	1
544506443626741762	6	1	1
544506443626741762	7	1	-1
544506443626741762	8	1	-1
544506443626741762	9	1	-1
544506443626741762	10	1	-1
544506443626741762	11	1	-1
544506443626741762	12	1	1
544506443626741762	13	1	-1
544506443626741762	14	1	-1
544506443626741762	15	5	-1
544506443626741762	16	11	1
544506443626741762	17	1	1
544506443626741762	18	1	1
544506443626741762	19	15	1
544506443626741762	20	19	1
