544515538383564801	1	1	1
544515538383564801	2	1	-1
544515538383564801	3	2	-1
544515538383564801	4	3	-1
544515538383564801	5	4	1
544515538383564801	6	1	-1
544515538383564801	7	1	1
544515538383564801	8	1	1
544515538383564801	9	1	-1
544515538383564801	10	1	1
544515538383564801	11	1	1
544515538383564801	12	1	1
544515538383564801	13	1	1
544515538383564801	14	1	1
544515538383564801	15	1	1
544515538383564801	16	1	1
544515538383564801	17	1	1
544515538383564801	18	1	-1
544515538383564801	19	1	1
544515538383564801	20	1	-1
