544518803225604096	1	1	1
544518803225604096	2	1	-1
544518803225604096	3	1	1
544518803225604096	4	1	-1
544518803225604096	5	2	1
544518803225604096	6	1	-1
544518803225604096	7	1	1
544518803225604096	8	1	-1
544518803225604096	9	6	1
544518803225604096	10	1	1
544518803225604096	11	1	1
544518803225604096	12	1	-1
544518803225604096	13	1	-1
544518803225604096	14	1	-1
544518803225604096	15	1	1
544518803225604096	16	11	-1
544518803225604096	17	16	-1
544518803225604096	18	16	1
544518803225604096	19	16	1
544518803225604096	20	1	-1
544518803225604096	21	19	1
544518803225604096	22	19	1
544518803225604096	23	22	1
544518803225604096	24	19	-1
544518803225604096	25	17	1
544518803225604096	26	21	1
544518803225604096	27	21	-1
544518803225604096	28	25	-1
544518803225604096	29	28	1
544518803225604096	30	28	1
544518803225604096	31	28	1
544518803225604096	32	31	-1
544518803225604096	33	31	-1
544518803225604096	34	33	-1
544518803225604096	35	32	1
544518803225604096	36	17	-1
544518803225604096	37	34	-1
544518803225604096	38	36	-1
544518803225604096	39	37	1
544518803225604096	40	37	1
544518803225604096	41	37	1
544518803225604096	42	41	1
544518803225604096	43	42	-1
544518803225604096	44	37	-1
544518803225604096	45	44	-1
544518803225604096	46	45	1
544518803225604096	47	46	-1
544518803225604096	48	46	-1
544518803225604096	49	48	-1
544518803225604096	50	44	1
544518803225604096	51	49	1
544518803225604096	52	51	-1
544518803225604096	53	51	-1
544518803225604096	54	50	-1
544518803225604096	55	54	-1
544518803225604096	56	54	1
544518803225604096	57	56	-1
544518803225604096	58	56	1
544518803225604096	59	56	1
544518803225604096	60	58	1
544518803225604096	61	59	-1
544518803225604096	62	57	-1
544518803225604096	63	61	-1
544518803225604096	64	60	-1
544518803225604096	65	63	1
544518803225604096	66	64	-1
544518803225604096	67	65	1
544518803225604096	68	67	1
544518803225604096	69	66	-1
