544520932405284864	1	1	1
544520932405284864	2	1	1
544520932405284864	3	1	1
544520932405284864	4	1	-1
544520932405284864	5	1	-1
544520932405284864	6	1	-1
544520932405284864	7	1	1
544520932405284864	8	4	-1
544520932405284864	9	1	-1
544520932405284864	10	1	-1
544520932405284864	11	1	-1
544520932405284864	12	11	1
544520932405284864	13	1	-1
544520932405284864	14	11	1
544520932405284864	15	14	1
544520932405284864	16	14	1
544520932405284864	17	16	-1
544520932405284864	18	16	-1
544520932405284864	19	18	-1
544520932405284864	20	19	-1
544520932405284864	21	20	-1
544520932405284864	22	21	-1
544520932405284864	23	22	-1
544520932405284864	24	21	1
544520932405284864	25	21	-1
544520932405284864	26	25	1
544520932405284864	27	26	-1
544520932405284864	28	26	1
544520932405284864	29	23	1
544520932405284864	30	23	1
544520932405284864	31	30	-1
544520932405284864	32	27	1
544520932405284864	33	31	1
544520932405284864	34	33	-1
544520932405284864	35	34	1
