544511915158810624	1	1	1
544511915158810624	2	1	-1
544511915158810624	3	1	-1
544511915158810624	4	1	1
544511915158810624	5	1	1
544511915158810624	6	1	-1
544511915158810624	7	1	1
544511915158810624	8	1	1
544511915158810624	9	1	-1
544511915158810624	10	1	-1
544511915158810624	11	1	-1
544511915158810624	12	1	1
544511915158810624	13	1	1
544511915158810624	14	1	-1
544511915158810624	15	1	1
544511915158810624	16	1	1
544511915158810624	17	1	-1
544511915158810624	18	1	-1
544511915158810624	19	1	1
544511915158810624	20	1	1
