544519284740079616	1	1	1
544519284740079616	2	1	-1
544519284740079616	3	1	1
544519284740079616	4	1	-1
544519284740079616	5	1	1
544519284740079616	6	1	1
544519284740079616	7	1	1
544519284740079616	8	1	-1
544519284740079616	9	1	-1
544519284740079616	10	1	-1
544519284740079616	11	1	-1
544519284740079616	12	1	-1
544519284740079616	13	1	1
544519284740079616	14	1	1
544519284740079616	15	1	1
544519284740079616	16	1	1
544519284740079616	17	1	-1
544519284740079616	18	1	-1
544519284740079616	19	1	1
544519284740079616	20	13	1
