552787321561812992	1	1	1
552787321561812992	2	1	1
552787321561812992	3	1	-1
552787321561812992	4	1	1
552787321561812992	5	1	-1
552787321561812992	6	3	-1
552787321561812992	7	1	-1
552787321561812992	8	1	-1
552787321561812992	9	1	-1
552787321561812992	10	1	-1
552787321561812992	11	1	-1
552787321561812992	12	1	-1
552787321561812992	13	1	1
552787321561812992	14	1	1
552787321561812992	15	1	1
552787321561812992	16	1	-1
552787321561812992	17	4	1
552787321561812992	18	1	1
552787321561812992	19	1	1
552787321561812992	20	1	1
552787321561812992	21	20	-1
552787321561812992	22	17	1
552787321561812992	23	3	-1
552787321561812992	24	4	1
