552784882687299584	1	1	1
552784882687299584	2	1	-1
552784882687299584	3	1	1
552784882687299584	4	1	1
552784882687299584	5	1	1
552784882687299584	6	4	1
552784882687299584	7	1	1
552784882687299584	8	1	-1
552784882687299584	9	1	-1
552784882687299584	10	1	-1
552784882687299584	11	1	1
552784882687299584	12	1	1
552784882687299584	13	6	-1
552784882687299584	14	1	-1
552784882687299584	15	1	1
552784882687299584	16	1	1
552784882687299584	17	1	1
552784882687299584	18	1	-1
552784882687299584	19	1	1
552784882687299584	20	1	1
552784882687299584	21	9	1
552784882687299584	22	5	-1
552784882687299584	23	4	-1
552784882687299584	24	23	1
552784882687299584	25	1	-1
