552789521646247936	1	1	1
552789521646247936	2	1	-1
552789521646247936	3	1	1
552789521646247936	4	1	-1
552789521646247936	5	1	-1
552789521646247936	6	1	-1
552789521646247936	7	1	-1
552789521646247936	8	1	-1
552789521646247936	9	7	-1
552789521646247936	10	1	1
552789521646247936	11	7	1
552789521646247936	12	1	-1
552789521646247936	13	7	-1
552789521646247936	14	7	1
552789521646247936	15	7	-1
552789521646247936	16	1	1
552789521646247936	17	4	-1
552789521646247936	18	1	-1
552789521646247936	19	14	-1
552789521646247936	20	17	1
552789521646247936	21	19	-1
552789521646247936	22	20	1
552789521646247936	23	14	-1
552789521646247936	24	14	1
552789521646247936	25	14	1
552789521646247936	26	23	1
552789521646247936	27	26	-1
552789521646247936	28	26	-1
552789521646247936	29	26	-1
552789521646247936	30	9	1
552789521646247936	31	9	1
552789521646247936	32	23	-1
552789521646247936	33	32	1
