552819064301961216	1	1	1
552819064301961216	2	1	1
552819064301961216	3	1	1
552819064301961216	4	1	1
552819064301961216	5	1	-1
552819064301961216	6	4	-1
552819064301961216	7	1	1
552819064301961216	8	1	1
552819064301961216	9	1	1
552819064301961216	10	1	1
552819064301961216	11	1	1
552819064301961216	12	1	-1
552819064301961216	13	5	1
552819064301961216	14	8	-1
552819064301961216	15	8	-1
552819064301961216	16	15	1
552819064301961216	17	15	1
552819064301961216	18	4	1
552819064301961216	19	1	1
552819064301961216	20	1	-1
552819064301961216	21	13	1
552819064301961216	22	13	1
552819064301961216	23	18	-1
552819064301961216	24	23	-1
552819064301961216	25	23	-1
