552817345887207425	1	1	1
552817345887207425	2	1	1
552817345887207425	3	1	-1
552817345887207425	4	1	-1
552817345887207425	5	1	-1
552817345887207425	6	1	1
552817345887207425	7	1	-1
552817345887207425	8	1	-1
552817345887207425	9	1	1
552817345887207425	10	1	1
552817345887207425	11	1	-1
552817345887207425	12	9	-1
552817345887207425	13	1	1
552817345887207425	14	1	-1
552817345887207425	15	1	-1
552817345887207425	16	5	-1
552817345887207425	17	1	1
552817345887207425	18	5	1
552817345887207425	19	1	1
552817345887207425	20	18	-1
552817345887207425	21	16	1
