552850533523136513	1	1	1
552850533523136513	2	1	1
552850533523136513	3	1	1
552850533523136513	4	1	1
552850533523136513	5	1	-1
552850533523136513	6	1	-1
552850533523136513	7	1	-1
552850533523136513	8	1	-1
552850533523136513	9	1	-1
552850533523136513	10	1	1
552850533523136513	11	1	-1
552850533523136513	12	1	-1
552850533523136513	13	9	1
552850533523136513	14	9	-1
552850533523136513	15	14	-1
552850533523136513	16	1	-1
552850533523136513	17	1	-1
552850533523136513	18	1	1
552850533523136513	19	1	1
552850533523136513	20	1	-1
552850533523136513	21	19	-1
