552833148128862208	1	1	1
552833148128862208	2	1	-1
552833148128862208	3	1	1
552833148128862208	4	3	1
552833148128862208	5	1	1
552833148128862208	6	1	-1
552833148128862208	7	1	1
552833148128862208	8	1	-1
552833148128862208	9	1	1
552833148128862208	10	1	-1
552833148128862208	11	1	1
552833148128862208	12	1	-1
552833148128862208	13	1	-1
552833148128862208	14	1	-1
552833148128862208	15	1	1
552833148128862208	16	1	1
552833148128862208	17	1	1
552833148128862208	18	15	1
552833148128862208	19	1	-1
552833148128862208	20	1	-1
552833148128862208	21	15	-1
552833148128862208	22	18	-1
552833148128862208	23	21	-1
552833148128862208	24	7	1
552833148128862208	25	10	-1
