552837644959621120	1	1	1
552837644959621120	2	1	1
552837644959621120	3	1	1
552837644959621120	4	3	1
552837644959621120	5	1	-1
552837644959621120	6	1	1
552837644959621120	7	1	-1
552837644959621120	8	1	1
552837644959621120	9	1	-1
552837644959621120	10	8	-1
552837644959621120	11	10	-1
552837644959621120	12	11	-1
552837644959621120	13	12	1
552837644959621120	14	13	-1
552837644959621120	15	10	-1
552837644959621120	16	15	1
552837644959621120	17	14	-1
552837644959621120	18	15	1
552837644959621120	19	14	-1
552837644959621120	20	16	1
552837644959621120	21	10	-1
552837644959621120	22	21	-1
552837644959621120	23	16	1
552837644959621120	24	23	1
552837644959621120	25	18	-1
552837644959621120	26	24	-1
552837644959621120	27	4	-1
552837644959621120	28	25	-1
552837644959621120	29	4	-1
552837644959621120	30	4	-1
