552810804186460161	1	1	1
552810804186460161	2	1	1
552810804186460161	3	1	-1
552810804186460161	4	1	-1
552810804186460161	5	1	1
552810804186460161	6	1	-1
552810804186460161	7	1	-1
552810804186460161	8	4	1
552810804186460161	9	1	1
552810804186460161	10	1	1
552810804186460161	11	1	-1
552810804186460161	12	1	1
552810804186460161	13	1	1
552810804186460161	14	1	1
552810804186460161	15	1	1
552810804186460161	16	1	1
552810804186460161	17	13	-1
552810804186460161	18	1	-1
552810804186460161	19	1	-1
552810804186460161	20	1	-1
552810804186460161	21	17	-1
