552845711289909248	1	1	1
552845711289909248	2	1	-1
552845711289909248	3	1	1
552845711289909248	4	2	-1
552845711289909248	5	3	1
552845711289909248	6	4	-1
552845711289909248	7	5	1
552845711289909248	8	1	-1
552845711289909248	9	8	1
552845711289909248	10	1	-1
552845711289909248	11	10	-1
552845711289909248	12	11	-1
552845711289909248	13	12	1
552845711289909248	14	13	-1
552845711289909248	15	13	-1
552845711289909248	16	13	1
552845711289909248	17	15	-1
552845711289909248	18	11	-1
552845711289909248	19	16	-1
552845711289909248	20	19	-1
552845711289909248	21	19	1
552845711289909248	22	18	1
552845711289909248	23	18	1
552845711289909248	24	21	-1
552845711289909248	25	23	1
552845711289909248	26	23	1
552845711289909248	27	24	1
552845711289909248	28	24	-1
552845711289909248	29	26	-1
552845711289909248	30	26	-1
552845711289909248	31	26	1
552845711289909248	32	26	1
552845711289909248	33	31	1
552845711289909248	34	31	1
552845711289909248	35	34	-1
552845711289909248	36	35	1
552845711289909248	37	36	-1
552845711289909248	38	36	1
552845711289909248	39	36	-1
552845711289909248	40	36	-1
552845711289909248	41	36	-1
552845711289909248	42	36	-1
552845711289909248	43	39	1
552845711289909248	44	43	-1
552845711289909248	45	40	1
552845711289909248	46	40	1
552845711289909248	47	40	-1
552845711289909248	48	43	-1
552845711289909248	49	48	1
552845711289909248	50	40	-1
552845711289909248	51	48	1
552845711289909248	52	47	-1
552845711289909248	53	48	1
552845711289909248	54	48	-1
552845711289909248	55	47	1
552845711289909248	56	55	1
