552841049467400192	1	1	1
552841049467400192	2	1	1
552841049467400192	3	1	-1
552841049467400192	4	1	1
552841049467400192	5	1	1
552841049467400192	6	1	-1
552841049467400192	7	1	-1
552841049467400192	8	7	1
552841049467400192	9	1	1
552841049467400192	10	1	1
552841049467400192	11	1	-1
552841049467400192	12	1	-1
552841049467400192	13	1	1
552841049467400192	14	1	1
552841049467400192	15	1	1
552841049467400192	16	8	-1
552841049467400192	17	1	1
552841049467400192	18	16	1
552841049467400192	19	1	1
552841049467400192	20	1	1
