552807834434699264	1	1	1
552807834434699264	2	1	-1
552807834434699264	3	1	-1
552807834434699264	4	1	-1
552807834434699264	5	1	-1
552807834434699264	6	1	-1
552807834434699264	7	1	-1
552807834434699264	8	1	-1
552807834434699264	9	1	-1
552807834434699264	10	1	1
552807834434699264	11	1	-1
552807834434699264	12	6	1
552807834434699264	13	1	1
552807834434699264	14	1	1
552807834434699264	15	1	1
552807834434699264	16	6	1
552807834434699264	17	1	-1
552807834434699264	18	14	-1
552807834434699264	19	16	1
552807834434699264	20	14	1
