552816561514635264	1	1	1
552816561514635264	2	1	-1
552816561514635264	3	1	-1
552816561514635264	4	1	1
552816561514635264	5	1	-1
552816561514635264	6	1	-1
552816561514635264	7	1	-1
552816561514635264	8	1	-1
552816561514635264	9	1	1
552816561514635264	10	1	-1
552816561514635264	11	10	1
552816561514635264	12	3	1
552816561514635264	13	1	-1
552816561514635264	14	12	1
552816561514635264	15	1	-1
552816561514635264	16	12	1
552816561514635264	17	14	1
552816561514635264	18	16	1
552816561514635264	19	18	1
552816561514635264	20	17	1
552816561514635264	21	20	1
552816561514635264	22	17	-1
552816561514635264	23	22	-1
552816561514635264	24	23	1
