552843285468020736	1	1	1
552843285468020736	2	1	-1
552843285468020736	3	1	1
552843285468020736	4	1	1
552843285468020736	5	1	1
552843285468020736	6	1	1
552843285468020736	7	2	-1
552843285468020736	8	1	-1
552843285468020736	9	1	1
552843285468020736	10	1	1
552843285468020736	11	1	1
552843285468020736	12	1	1
552843285468020736	13	7	-1
552843285468020736	14	1	1
552843285468020736	15	13	-1
552843285468020736	16	13	1
552843285468020736	17	16	1
552843285468020736	18	1	-1
552843285468020736	19	1	-1
552843285468020736	20	1	1
552843285468020736	21	1	-1
552843285468020736	22	1	1
