552811408094945280	1	1	1
552811408094945280	2	1	1
552811408094945280	3	1	-1
552811408094945280	4	1	-1
552811408094945280	5	1	-1
552811408094945280	6	1	-1
552811408094945280	7	1	1
552811408094945280	8	1	1
552811408094945280	9	1	1
552811408094945280	10	1	1
552811408094945280	11	1	1
552811408094945280	12	1	-1
552811408094945280	13	1	-1
552811408094945280	14	1	1
552811408094945280	15	14	1
552811408094945280	16	1	1
552811408094945280	17	1	-1
552811408094945280	18	1	-1
552811408094945280	19	1	-1
552811408094945280	20	1	1
552811408094945280	21	13	-1
552811408094945280	22	21	1
552811408094945280	23	22	-1
