552820842544246784	1	1	1
552820842544246784	2	1	-1
552820842544246784	3	1	-1
552820842544246784	4	1	-1
552820842544246784	5	1	-1
552820842544246784	6	1	-1
552820842544246784	7	1	-1
552820842544246784	8	2	-1
552820842544246784	9	8	1
552820842544246784	10	1	1
552820842544246784	11	9	1
552820842544246784	12	11	-1
552820842544246784	13	12	1
552820842544246784	14	2	1
552820842544246784	15	10	1
552820842544246784	16	7	-1
552820842544246784	17	14	-1
552820842544246784	18	16	-1
552820842544246784	19	16	-1
552820842544246784	20	18	1
552820842544246784	21	19	1
552820842544246784	22	21	1
552820842544246784	23	21	-1
552820842544246784	24	17	-1
552820842544246784	25	24	-1
552820842544246784	26	24	-1
552820842544246784	27	26	1
552820842544246784	28	26	1
552820842544246784	29	27	-1
552820842544246784	30	27	1
552820842544246784	31	30	1
552820842544246784	32	31	1
552820842544246784	33	2	1
552820842544246784	34	33	-1
552820842544246784	35	32	-1
552820842544246784	36	33	1
552820842544246784	37	35	1
552820842544246784	38	35	1
552820842544246784	39	37	-1
552820842544246784	40	36	-1
552820842544246784	41	39	1
552820842544246784	42	38	-1
552820842544246784	43	41	1
552820842544246784	44	40	1
552820842544246784	45	40	-1
552820842544246784	46	12	1
552820842544246784	47	25	1
552820842544246784	48	47	1
552820842544246784	49	48	1
552820842544246784	50	49	1
552820842544246784	51	49	-1
552820842544246784	52	49	-1
552820842544246784	53	51	1
552820842544246784	54	53	1
552820842544246784	55	53	-1
552820842544246784	56	54	1
552820842544246784	57	55	1
552820842544246784	58	55	1
552820842544246784	59	55	1
552820842544246784	60	58	1
552820842544246784	61	55	-1
552820842544246784	62	60	-1
552820842544246784	63	55	1
552820842544246784	64	61	-1
552820842544246784	65	57	1
552820842544246784	66	22	1
552820842544246784	67	58	-1
552820842544246784	68	65	-1
552820842544246784	69	59	1
552820842544246784	70	68	-1
552820842544246784	71	65	1
552820842544246784	72	23	-1
552820842544246784	73	68	-1
552820842544246784	74	3	1
552820842544246784	75	70	-1
552820842544246784	76	71	-1
552820842544246784	77	75	-1
552820842544246784	78	72	-1
552820842544246784	79	76	-1
552820842544246784	80	77	-1
552820842544246784	81	78	1
552820842544246784	82	79	-1
552820842544246784	83	80	-1
552820842544246784	84	81	-1
552820842544246784	85	84	-1
552820842544246784	86	85	-1
552820842544246784	87	86	-1
552820842544246784	88	87	-1
552820842544246784	89	87	-1
552820842544246784	90	88	1
552820842544246784	91	90	1
552820842544246784	92	89	-1
552820842544246784	93	90	1
552820842544246784	94	91	-1
552820842544246784	95	92	-1
552820842544246784	96	94	-1
