552801979861598208	1	1	1
552801979861598208	2	1	1
552801979861598208	3	1	-1
552801979861598208	4	1	-1
552801979861598208	5	1	1
552801979861598208	6	1	-1
552801979861598208	7	1	-1
552801979861598208	8	1	1
552801979861598208	9	1	1
552801979861598208	10	2	1
552801979861598208	11	1	-1
552801979861598208	12	6	1
552801979861598208	13	9	1
552801979861598208	14	1	1
552801979861598208	15	9	1
552801979861598208	16	1	1
552801979861598208	17	9	1
552801979861598208	18	15	1
552801979861598208	19	17	1
552801979861598208	20	12	-1
552801979861598208	21	20	1
552801979861598208	22	21	1
552801979861598208	23	22	-1
552801979861598208	24	18	-1
552801979861598208	25	24	-1
552801979861598208	26	23	1
552801979861598208	27	9	-1
552801979861598208	28	26	1
552801979861598208	29	25	-1
552801979861598208	30	27	1
552801979861598208	31	30	1
552801979861598208	32	28	1
552801979861598208	33	29	-1
552801979861598208	34	31	1
552801979861598208	35	26	1
552801979861598208	36	3	-1
552801979861598208	37	32	-1
552801979861598208	38	35	-1
552801979861598208	39	35	-1
552801979861598208	40	9	1
552801979861598208	41	40	1
552801979861598208	42	9	-1
552801979861598208	43	19	-1
552801979861598208	44	43	-1
552801979861598208	45	37	-1
552801979861598208	46	22	1
552801979861598208	47	46	1
552801979861598208	48	47	1
552801979861598208	49	16	-1
552801979861598208	50	48	1
552801979861598208	51	49	1
552801979861598208	52	45	-1
552801979861598208	53	50	1
552801979861598208	54	50	1
552801979861598208	55	52	-1
552801979861598208	56	54	1
552801979861598208	57	56	-1
552801979861598208	58	57	1
552801979861598208	59	58	-1
552801979861598208	60	59	1
552801979861598208	61	60	1
552801979861598208	62	61	1
552801979861598208	63	62	1
552801979861598208	64	63	1
552801979861598208	65	25	-1
