552821977061556225	1	1	1
552821977061556225	2	1	1
552821977061556225	3	1	-1
552821977061556225	4	1	-1
552821977061556225	5	1	-1
552821977061556225	6	1	1
552821977061556225	7	1	1
552821977061556225	8	1	-1
552821977061556225	9	5	1
552821977061556225	10	1	1
552821977061556225	11	8	1
552821977061556225	12	1	1
552821977061556225	13	5	-1
552821977061556225	14	1	-1
552821977061556225	15	13	-1
552821977061556225	16	15	1
552821977061556225	17	16	-1
552821977061556225	18	1	-1
552821977061556225	19	17	-1
552821977061556225	20	1	1
552821977061556225	21	8	-1
552821977061556225	22	7	-1
552821977061556225	23	6	1
552821977061556225	24	20	1
552821977061556225	25	5	1
552821977061556225	26	3	1
552821977061556225	27	2	1
552821977061556225	28	23	-1
552821977061556225	29	23	1
552821977061556225	30	23	-1
552821977061556225	31	30	1
552821977061556225	32	27	-1
552821977061556225	33	31	1
552821977061556225	34	31	-1
552821977061556225	35	31	1
552821977061556225	36	33	-1
552821977061556225	37	36	-1
552821977061556225	38	25	1
552821977061556225	39	36	-1
552821977061556225	40	36	1
552821977061556225	41	36	1
552821977061556225	42	40	-1
552821977061556225	43	42	1
552821977061556225	44	42	1
552821977061556225	45	42	1
552821977061556225	46	45	-1
552821977061556225	47	46	1
552821977061556225	48	12	-1
552821977061556225	49	12	-1
552821977061556225	50	12	-1
552821977061556225	51	12	-1
552821977061556225	52	49	-1
552821977061556225	53	52	1
552821977061556225	54	51	1
552821977061556225	55	54	1
552821977061556225	56	54	-1
552821977061556225	57	55	1
552821977061556225	58	50	-1
552821977061556225	59	12	1
552821977061556225	60	54	1
552821977061556225	61	56	-1
552821977061556225	62	61	1
552821977061556225	63	61	1
552821977061556225	64	58	1
552821977061556225	65	63	-1
552821977061556225	66	61	1
552821977061556225	67	66	-1
552821977061556225	68	61	1
552821977061556225	69	67	-1
552821977061556225	70	58	-1
552821977061556225	71	21	-1
552821977061556225	72	21	-1
552821977061556225	73	72	-1
552821977061556225	74	73	-1
552821977061556225	75	73	1
552821977061556225	76	73	-1
552821977061556225	77	76	-1
552821977061556225	78	77	-1
552821977061556225	79	77	-1
552821977061556225	80	75	-1
552821977061556225	81	79	-1
552821977061556225	82	80	1
552821977061556225	83	81	-1
552821977061556225	84	80	-1
552821977061556225	85	73	-1
552821977061556225	86	24	-1
552821977061556225	87	24	1
552821977061556225	88	80	-1
552821977061556225	89	88	-1
552821977061556225	90	89	1
552821977061556225	91	89	1
552821977061556225	92	89	1
552821977061556225	93	89	-1
552821977061556225	94	89	-1
552821977061556225	95	89	1
552821977061556225	96	95	1
552821977061556225	97	96	-1
552821977061556225	98	96	1
552821977061556225	99	96	-1
552821977061556225	100	99	1
552821977061556225	101	100	-1
552821977061556225	102	100	-1
552821977061556225	103	100	-1
552821977061556225	104	100	1
552821977061556225	105	1	1
552821977061556225	106	104	1
552821977061556225	107	1	1
552821977061556225	108	107	-1
552821977061556225	109	108	1
552821977061556225	110	106	1
552821977061556225	111	107	-1
552821977061556225	112	111	1
552821977061556225	113	111	1
552821977061556225	114	111	-1
552821977061556225	115	114	-1
552821977061556225	116	114	-1
552821977061556225	117	115	-1
552821977061556225	118	114	-1
552821977061556225	119	118	1
552821977061556225	120	118	-1
552821977061556225	121	118	1
552821977061556225	122	121	1
552821977061556225	123	121	1
552821977061556225	124	123	-1
552821977061556225	125	106	-1
552821977061556225	126	20	1
552821977061556225	127	126	1
