552806610490646528	1	1	1
552806610490646528	2	1	-1
552806610490646528	3	2	-1
552806610490646528	4	3	-1
552806610490646528	5	1	-1
552806610490646528	6	1	1
552806610490646528	7	1	-1
552806610490646528	8	1	-1
552806610490646528	9	1	-1
552806610490646528	10	1	-1
552806610490646528	11	5	1
552806610490646528	12	1	1
552806610490646528	13	1	1
552806610490646528	14	1	1
552806610490646528	15	1	1
552806610490646528	16	1	-1
552806610490646528	17	6	1
552806610490646528	18	1	-1
552806610490646528	19	12	1
552806610490646528	20	12	1
552806610490646528	21	8	-1
552806610490646528	22	12	-1
552806610490646528	23	21	-1
552806610490646528	24	12	1
552806610490646528	25	23	-1
552806610490646528	26	8	-1
552806610490646528	27	6	-1
552806610490646528	28	25	1
552806610490646528	29	19	-1
552806610490646528	30	6	1
552806610490646528	31	25	1
552806610490646528	32	31	-1
552806610490646528	33	8	1
552806610490646528	34	22	1
552806610490646528	35	22	-1
552806610490646528	36	33	-1
552806610490646528	37	30	-1
552806610490646528	38	5	-1
552806610490646528	39	29	-1
552806610490646528	40	36	-1
552806610490646528	41	35	1
552806610490646528	42	6	1
552806610490646528	43	12	-1
552806610490646528	44	36	-1
552806610490646528	45	39	1
552806610490646528	46	43	-1
552806610490646528	47	36	-1
552806610490646528	48	8	-1
552806610490646528	49	41	1
552806610490646528	50	12	1
552806610490646528	51	37	1
552806610490646528	52	37	-1
552806610490646528	53	37	-1
552806610490646528	54	38	1
552806610490646528	55	8	1
552806610490646528	56	51	-1
552806610490646528	57	8	-1
552806610490646528	58	46	-1
552806610490646528	59	35	1
552806610490646528	60	49	-1
552806610490646528	61	14	1
552806610490646528	62	14	1
552806610490646528	63	14	-1
552806610490646528	64	60	-1
552806610490646528	65	54	-1
552806610490646528	66	56	1
552806610490646528	67	7	1
552806610490646528	68	14	-1
552806610490646528	69	60	1
552806610490646528	70	65	1
552806610490646528	71	70	-1
552806610490646528	72	59	-1
552806610490646528	73	63	1
552806610490646528	74	67	1
552806610490646528	75	49	-1
552806610490646528	76	71	-1
552806610490646528	77	74	-1
552806610490646528	78	72	-1
552806610490646528	79	73	1
552806610490646528	80	75	1
552806610490646528	81	70	1
552806610490646528	82	63	1
552806610490646528	83	82	-1
552806610490646528	84	78	-1
552806610490646528	85	83	1
552806610490646528	86	32	-1
552806610490646528	87	32	1
552806610490646528	88	61	1
552806610490646528	89	82	-1
552806610490646528	90	32	-1
552806610490646528	91	47	1
552806610490646528	92	82	-1
552806610490646528	93	82	1
552806610490646528	94	47	-1
552806610490646528	95	32	1
552806610490646528	96	50	1
552806610490646528	97	88	-1
552806610490646528	98	95	-1
552806610490646528	99	78	-1
552806610490646528	100	35	-1
552806610490646528	101	57	-1
552806610490646528	102	22	1
552806610490646528	103	98	-1
552806610490646528	104	103	1
552806610490646528	105	99	-1
552806610490646528	106	97	-1
552806610490646528	107	93	-1
552806610490646528	108	107	1
552806610490646528	109	73	1
552806610490646528	110	25	-1
552806610490646528	111	107	-1
552806610490646528	112	100	1
552806610490646528	113	109	1
552806610490646528	114	96	1
552806610490646528	115	104	1
552806610490646528	116	61	-1
552806610490646528	117	115	1
552806610490646528	118	117	-1
552806610490646528	119	118	1
552806610490646528	120	111	1
552806610490646528	121	120	1
552806610490646528	122	120	1
552806610490646528	123	111	1
552806610490646528	124	111	-1
552806610490646528	125	116	-1
552806610490646528	126	124	-1
552806610490646528	127	124	1
552806610490646528	128	114	-1
552806610490646528	129	127	1
552806610490646528	130	56	-1
552806610490646528	131	56	-1
552806610490646528	132	128	-1
552806610490646528	133	128	1
552806610490646528	134	128	-1
552806610490646528	135	105	1
552806610490646528	136	33	1
552806610490646528	137	132	-1
552806610490646528	138	132	1
552806610490646528	139	130	1
552806610490646528	140	128	1
552806610490646528	141	135	-1
552806610490646528	142	136	-1
552806610490646528	143	31	-1
552806610490646528	144	132	1
552806610490646528	145	140	-1
552806610490646528	146	133	1
552806610490646528	147	144	1
552806610490646528	148	32	-1
552806610490646528	149	6	-1
552806610490646528	150	143	1
552806610490646528	151	142	1
552806610490646528	152	146	-1
552806610490646528	153	34	1
552806610490646528	154	9	1
552806610490646528	155	144	1
552806610490646528	156	149	-1
552806610490646528	157	155	1
552806610490646528	158	155	-1
552806610490646528	159	153	-1
552806610490646528	160	158	-1
552806610490646528	161	159	1
552806610490646528	162	157	1
552806610490646528	163	54	1
552806610490646528	164	162	-1
552806610490646528	165	161	-1
552806610490646528	166	156	-1
552806610490646528	167	60	-1
552806610490646528	168	165	-1
552806610490646528	169	165	-1
552806610490646528	170	72	1
552806610490646528	171	137	1
552806610490646528	172	167	-1
552806610490646528	173	78	-1
552806610490646528	174	29	1
552806610490646528	175	79	-1
552806610490646528	176	170	1
552806610490646528	177	171	-1
552806610490646528	178	171	1
552806610490646528	179	177	1
552806610490646528	180	172	-1
552806610490646528	181	180	1
552806610490646528	182	176	1
552806610490646528	183	182	1
552806610490646528	184	61	-1
552806610490646528	185	181	1
552806610490646528	186	5	-1
552806610490646528	187	184	-1
552806610490646528	188	184	-1
552806610490646528	189	184	-1
552806610490646528	190	184	-1
552806610490646528	191	7	-1
552806610490646528	192	183	-1
552806610490646528	193	186	1
552806610490646528	194	185	1
552806610490646528	195	6	1
552806610490646528	196	193	-1
552806610490646528	197	195	-1
552806610490646528	198	194	-1
552806610490646528	199	196	-1
552806610490646528	200	197	1
552806610490646528	201	7	-1
552806610490646528	202	199	1
552806610490646528	203	198	-1
552806610490646528	204	139	1
552806610490646528	205	139	-1
552806610490646528	206	156	1
552806610490646528	207	47	1
552806610490646528	208	139	-1
552806610490646528	209	47	-1
552806610490646528	210	94	1
552806610490646528	211	94	1
552806610490646528	212	203	-1
552806610490646528	213	139	-1
552806610490646528	214	139	1
552806610490646528	215	211	-1
552806610490646528	216	198	1
552806610490646528	217	215	1
552806610490646528	218	216	1
552806610490646528	219	139	-1
552806610490646528	220	218	-1
552806610490646528	221	139	-1
552806610490646528	222	139	1
552806610490646528	223	220	1
552806610490646528	224	207	1
552806610490646528	225	139	1
552806610490646528	226	221	1
552806610490646528	227	220	-1
552806610490646528	228	223	-1
552806610490646528	229	207	1
552806610490646528	230	207	-1
552806610490646528	231	228	-1
552806610490646528	232	225	1
552806610490646528	233	226	1
552806610490646528	234	226	-1
552806610490646528	235	52	1
552806610490646528	236	226	1
552806610490646528	237	226	-1
552806610490646528	238	226	1
552806610490646528	239	201	1
552806610490646528	240	16	1
552806610490646528	241	202	-1
552806610490646528	242	45	-1
552806610490646528	243	7	1
552806610490646528	244	29	1
552806610490646528	245	241	1
552806610490646528	246	243	1
552806610490646528	247	239	-1
552806610490646528	248	246	1
552806610490646528	249	102	1
552806610490646528	250	229	1
552806610490646528	251	248	1
552806610490646528	252	246	-1
552806610490646528	253	69	-1
552806610490646528	254	246	-1
552806610490646528	255	229	-1
552806610490646528	256	70	1
552806610490646528	257	250	-1
552806610490646528	258	249	-1
552806610490646528	259	258	-1
552806610490646528	260	224	-1
552806610490646528	261	259	1
552806610490646528	262	229	-1
552806610490646528	263	230	-1
552806610490646528	264	230	-1
552806610490646528	265	156	1
552806610490646528	266	230	1
552806610490646528	267	243	-1
552806610490646528	268	261	1
552806610490646528	269	268	1
552806610490646528	270	15	-1
552806610490646528	271	270	1
552806610490646528	272	270	1
552806610490646528	273	272	-1
552806610490646528	274	273	1
552806610490646528	275	257	-1
552806610490646528	276	257	1
552806610490646528	277	275	1
552806610490646528	278	277	1
552806610490646528	279	277	-1
552806610490646528	280	279	1
552806610490646528	281	278	-1
552806610490646528	282	278	-1
552806610490646528	283	282	1
552806610490646528	284	283	1
552806610490646528	285	20	1
552806610490646528	286	235	1
552806610490646528	287	16	-1
552806610490646528	288	271	-1
552806610490646528	289	271	1
552806610490646528	290	285	1
552806610490646528	291	156	1
552806610490646528	292	289	-1
552806610490646528	293	288	-1
552806610490646528	294	270	-1
552806610490646528	295	241	1
552806610490646528	296	9	-1
552806610490646528	297	271	-1
552806610490646528	298	15	1
552806610490646528	299	298	-1
552806610490646528	300	297	-1
552806610490646528	301	300	-1
552806610490646528	302	7	-1
552806610490646528	303	301	-1
552806610490646528	304	302	1
552806610490646528	305	302	1
552806610490646528	306	304	1
552806610490646528	307	306	1
552806610490646528	308	291	1
552806610490646528	309	308	-1
552806610490646528	310	254	1
552806610490646528	311	267	-1
552806610490646528	312	32	-1
552806610490646528	313	191	-1
552806610490646528	314	247	1
552806610490646528	315	314	1
552806610490646528	316	299	-1
552806610490646528	317	315	1
552806610490646528	318	299	-1
552806610490646528	319	316	1
552806610490646528	320	319	-1
552806610490646528	321	319	-1
552806610490646528	322	319	1
552806610490646528	323	319	-1
552806610490646528	324	322	1
552806610490646528	325	117	1
552806610490646528	326	104	1
552806610490646528	327	233	-1
552806610490646528	328	327	1
552806610490646528	329	327	1
552806610490646528	330	327	-1
552806610490646528	331	327	-1
552806610490646528	332	327	-1
552806610490646528	333	327	1
552806610490646528	334	331	-1
552806610490646528	335	327	-1
552806610490646528	336	334	1
552806610490646528	337	335	-1
552806610490646528	338	331	1
552806610490646528	339	332	1
552806610490646528	340	337	-1
552806610490646528	341	313	1
552806610490646528	342	341	-1
552806610490646528	343	239	-1
552806610490646528	344	343	1
552806610490646528	345	344	1
552806610490646528	346	344	1
