552821862850637825	1	1	1
552821862850637825	2	1	1
552821862850637825	3	1	-1
552821862850637825	4	1	1
552821862850637825	5	1	-1
552821862850637825	6	1	-1
552821862850637825	7	1	1
552821862850637825	8	1	-1
552821862850637825	9	1	1
552821862850637825	10	1	1
552821862850637825	11	1	1
552821862850637825	12	1	1
552821862850637825	13	1	1
552821862850637825	14	1	1
552821862850637825	15	1	1
552821862850637825	16	1	1
552821862850637825	17	1	1
552821862850637825	18	1	-1
552821862850637825	19	1	1
552821862850637825	20	1	1
