552819155859431424	1	1	1
552819155859431424	2	1	1
552819155859431424	3	1	1
552819155859431424	4	1	-1
552819155859431424	5	1	1
552819155859431424	6	1	-1
552819155859431424	7	6	-1
552819155859431424	8	7	-1
552819155859431424	9	7	1
552819155859431424	10	8	1
552819155859431424	11	9	1
552819155859431424	12	8	-1
552819155859431424	13	9	1
552819155859431424	14	12	1
552819155859431424	15	12	-1
552819155859431424	16	12	1
552819155859431424	17	13	-1
552819155859431424	18	17	1
552819155859431424	19	17	-1
552819155859431424	20	19	-1
552819155859431424	21	19	1
552819155859431424	22	20	-1
552819155859431424	23	17	-1
552819155859431424	24	23	-1
552819155859431424	25	24	-1
552819155859431424	26	25	1
552819155859431424	27	26	1
552819155859431424	28	26	1
552819155859431424	29	26	-1
552819155859431424	30	28	1
552819155859431424	31	30	-1
552819155859431424	32	31	-1
552819155859431424	33	32	1
552819155859431424	34	32	1
552819155859431424	35	33	1
552819155859431424	36	32	-1
552819155859431424	37	32	-1
552819155859431424	38	33	-1
552819155859431424	39	33	1
552819155859431424	40	35	-1
552819155859431424	41	33	1
552819155859431424	42	35	1
552819155859431424	43	35	-1
552819155859431424	44	34	1
552819155859431424	45	42	1
552819155859431424	46	38	-1
552819155859431424	47	41	1
552819155859431424	48	44	-1
552819155859431424	49	44	-1
552819155859431424	50	45	1
552819155859431424	51	45	1
552819155859431424	52	38	-1
552819155859431424	53	51	-1
