552812984343330816	1	1	1
552812984343330816	2	1	-1
552812984343330816	3	1	1
552812984343330816	4	1	1
552812984343330816	5	4	-1
552812984343330816	6	4	1
552812984343330816	7	4	-1
552812984343330816	8	5	1
552812984343330816	9	5	-1
552812984343330816	10	4	1
552812984343330816	11	4	1
552812984343330816	12	4	-1
552812984343330816	13	5	1
552812984343330816	14	5	-1
552812984343330816	15	4	1
552812984343330816	16	13	1
552812984343330816	17	6	1
552812984343330816	18	4	1
552812984343330816	19	7	-1
552812984343330816	20	9	-1
552812984343330816	21	6	-1
552812984343330816	22	7	1
552812984343330816	23	14	-1
552812984343330816	24	14	1
552812984343330816	25	9	-1
552812984343330816	26	10	-1
552812984343330816	27	5	1
552812984343330816	28	22	-1
552812984343330816	29	10	-1
552812984343330816	30	21	1
552812984343330816	31	10	1
552812984343330816	32	11	-1
552812984343330816	33	13	-1
552812984343330816	34	13	-1
552812984343330816	35	15	1
552812984343330816	36	18	1
552812984343330816	37	30	1
552812984343330816	38	27	1
552812984343330816	39	20	1
552812984343330816	40	20	-1
552812984343330816	41	33	-1
552812984343330816	42	23	-1
552812984343330816	43	38	1
552812984343330816	44	24	1
552812984343330816	45	25	-1
552812984343330816	46	28	-1
552812984343330816	47	44	1
552812984343330816	48	42	-1
552812984343330816	49	28	1
552812984343330816	50	28	-1
552812984343330816	51	36	-1
552812984343330816	52	28	1
552812984343330816	53	41	1
552812984343330816	54	50	-1
552812984343330816	55	47	-1
552812984343330816	56	48	1
552812984343330816	57	51	1
552812984343330816	58	54	-1
552812984343330816	59	56	1
552812984343330816	60	49	1
552812984343330816	61	59	-1
552812984343330816	62	59	1
552812984343330816	63	60	-1
552812984343330816	64	60	-1
552812984343330816	65	60	-1
552812984343330816	66	62	1
552812984343330816	67	66	-1
552812984343330816	68	62	1
552812984343330816	69	68	1
552812984343330816	70	68	-1
552812984343330816	71	67	-1
552812984343330816	72	60	1
552812984343330816	73	71	-1
552812984343330816	74	72	1
552812984343330816	75	70	1
552812984343330816	76	72	1
552812984343330816	77	75	-1
552812984343330816	78	74	-1
552812984343330816	79	76	1
552812984343330816	80	77	-1
552812984343330816	81	78	-1
552812984343330816	82	78	-1
552812984343330816	83	79	1
552812984343330816	84	80	1
552812984343330816	85	81	-1
552812984343330816	86	82	-1
552812984343330816	87	85	1
552812984343330816	88	87	1
552812984343330816	89	88	1
552812984343330816	90	89	1
552812984343330816	91	90	1
552812984343330816	92	91	-1
552812984343330816	93	92	-1
552812984343330816	94	35	-1
552812984343330816	95	94	-1
552812984343330816	96	95	1
