552836586191474689	1	1	1
552836586191474689	2	1	1
552836586191474689	3	1	1
552836586191474689	4	1	1
552836586191474689	5	1	1
552836586191474689	6	1	1
552836586191474689	7	1	-1
552836586191474689	8	1	1
552836586191474689	9	1	1
552836586191474689	10	1	-1
552836586191474689	11	1	-1
552836586191474689	12	1	-1
552836586191474689	13	1	-1
552836586191474689	14	1	1
552836586191474689	15	14	1
552836586191474689	16	15	1
552836586191474689	17	1	1
552836586191474689	18	16	1
552836586191474689	19	15	-1
552836586191474689	20	15	1
552836586191474689	21	19	-1
552836586191474689	22	18	-1
552836586191474689	23	21	1
552836586191474689	24	22	-1
552836586191474689	25	24	1
552836586191474689	26	18	-1
552836586191474689	27	25	-1
552836586191474689	28	25	-1
552836586191474689	29	26	-1
552836586191474689	30	28	1
552836586191474689	31	29	1
552836586191474689	32	18	-1
