552823014866563072	1	1	1
552823014866563072	2	1	1
552823014866563072	3	1	1
552823014866563072	4	1	-1
552823014866563072	5	1	1
552823014866563072	6	1	-1
552823014866563072	7	1	-1
552823014866563072	8	1	1
552823014866563072	9	1	1
552823014866563072	10	1	-1
552823014866563072	11	1	1
552823014866563072	12	2	-1
552823014866563072	13	1	1
552823014866563072	14	1	1
552823014866563072	15	1	-1
552823014866563072	16	1	1
552823014866563072	17	1	1
552823014866563072	18	1	-1
552823014866563072	19	1	-1
552823014866563072	20	1	-1
552823014866563072	21	2	-1
552823014866563072	22	21	1
552823014866563072	23	22	-1
552823014866563072	24	23	1
552823014866563072	25	24	-1
552823014866563072	26	23	-1
552823014866563072	27	25	1
552823014866563072	28	27	1
552823014866563072	29	28	-1
552823014866563072	30	29	1
552823014866563072	31	27	-1
552823014866563072	32	30	-1
