552817675408523264	1	1	1
552817675408523264	2	1	1
552817675408523264	3	1	-1
552817675408523264	4	1	-1
552817675408523264	5	1	1
552817675408523264	6	1	-1
552817675408523264	7	1	1
552817675408523264	8	1	1
552817675408523264	9	8	-1
552817675408523264	10	1	-1
552817675408523264	11	3	-1
552817675408523264	12	1	-1
552817675408523264	13	1	1
552817675408523264	14	1	-1
552817675408523264	15	1	-1
552817675408523264	16	15	1
552817675408523264	17	1	1
552817675408523264	18	14	1
552817675408523264	19	18	1
552817675408523264	20	11	1
552817675408523264	21	20	1
552817675408523264	22	17	1
552817675408523264	23	22	1
552817675408523264	24	23	1
552817675408523264	25	23	1
552817675408523264	26	23	-1
