552829637215408128	1	1	1
552829637215408128	2	1	-1
552829637215408128	3	1	-1
552829637215408128	4	1	-1
552829637215408128	5	1	1
552829637215408128	6	1	1
552829637215408128	7	1	-1
552829637215408128	8	1	-1
552829637215408128	9	5	1
552829637215408128	10	1	1
552829637215408128	11	1	1
552829637215408128	12	1	1
552829637215408128	13	1	1
552829637215408128	14	1	1
552829637215408128	15	1	1
552829637215408128	16	5	-1
552829637215408128	17	1	-1
552829637215408128	18	1	1
552829637215408128	19	1	1
552829637215408128	20	1	1
552829637215408128	21	5	1
552829637215408128	22	19	1
552829637215408128	23	19	1
552829637215408128	24	19	-1
552829637215408128	25	23	1
552829637215408128	26	25	1
552829637215408128	27	26	-1
552829637215408128	28	26	1
552829637215408128	29	28	1
552829637215408128	30	29	1
552829637215408128	31	30	-1
552829637215408128	32	31	1
552829637215408128	33	32	-1
552829637215408128	34	2	-1
