552823933381394432	1	1	1
552823933381394432	2	1	1
552823933381394432	3	1	-1
552823933381394432	4	1	1
552823933381394432	5	1	1
552823933381394432	6	3	-1
552823933381394432	7	6	1
552823933381394432	8	7	-1
552823933381394432	9	7	-1
552823933381394432	10	3	1
552823933381394432	11	9	-1
552823933381394432	12	10	-1
552823933381394432	13	12	1
552823933381394432	14	1	-1
552823933381394432	15	13	-1
552823933381394432	16	3	-1
552823933381394432	17	13	1
552823933381394432	18	11	1
552823933381394432	19	16	1
552823933381394432	20	17	1
552823933381394432	21	11	1
552823933381394432	22	7	-1
552823933381394432	23	18	-1
552823933381394432	24	11	-1
552823933381394432	25	19	1
552823933381394432	26	24	1
552823933381394432	27	19	-1
552823933381394432	28	25	-1
552823933381394432	29	27	-1
552823933381394432	30	29	-1
552823933381394432	31	28	-1
552823933381394432	32	30	1
552823933381394432	33	31	1
552823933381394432	34	32	-1
552823933381394432	35	34	1
552823933381394432	36	33	-1
552823933381394432	37	36	1
552823933381394432	38	35	-1
552823933381394432	39	37	1
552823933381394432	40	38	1
552823933381394432	41	40	1
552823933381394432	42	39	-1
552823933381394432	43	42	-1
552823933381394432	44	43	1
552823933381394432	45	44	-1
552823933381394432	46	44	1
552823933381394432	47	46	-1
552823933381394432	48	47	1
552823933381394432	49	47	1
552823933381394432	50	49	-1
552823933381394432	51	50	1
552823933381394432	52	50	1
552823933381394432	53	51	1
