552807598966059008	1	1	1
552807598966059008	2	1	-1
552807598966059008	3	1	1
552807598966059008	4	1	-1
552807598966059008	5	1	-1
552807598966059008	6	1	1
552807598966059008	7	1	1
552807598966059008	8	1	-1
552807598966059008	9	1	-1
552807598966059008	10	1	-1
552807598966059008	11	1	-1
552807598966059008	12	1	1
552807598966059008	13	1	1
552807598966059008	14	10	-1
552807598966059008	15	14	-1
552807598966059008	16	1	1
552807598966059008	17	1	-1
552807598966059008	18	15	1
552807598966059008	19	1	-1
552807598966059008	20	1	1
552807598966059008	21	17	-1
552807598966059008	22	20	-1
552807598966059008	23	21	1
552807598966059008	24	23	1
552807598966059008	25	22	1
552807598966059008	26	25	1
552807598966059008	27	23	1
552807598966059008	28	10	1
552807598966059008	29	28	1
552807598966059008	30	29	1
552807598966059008	31	30	1
552807598966059008	32	31	-1
