552817711617552385	1	1	1
552817711617552385	2	1	1
552817711617552385	3	1	-1
552817711617552385	4	1	1
552817711617552385	5	1	-1
552817711617552385	6	1	1
552817711617552385	7	5	-1
552817711617552385	8	1	-1
552817711617552385	9	1	-1
552817711617552385	10	9	1
552817711617552385	11	1	-1
552817711617552385	12	1	-1
552817711617552385	13	9	-1
552817711617552385	14	10	1
552817711617552385	15	2	-1
552817711617552385	16	2	-1
552817711617552385	17	2	1
552817711617552385	18	17	-1
552817711617552385	19	1	1
552817711617552385	20	4	-1
552817711617552385	21	6	1
552817711617552385	22	21	-1
552817711617552385	23	11	-1
552817711617552385	24	16	-1
552817711617552385	25	22	-1
552817711617552385	26	7	-1
552817711617552385	27	24	-1
552817711617552385	28	27	1
552817711617552385	29	27	-1
552817711617552385	30	29	-1
552817711617552385	31	27	1
552817711617552385	32	28	-1
552817711617552385	33	30	1
552817711617552385	34	33	-1
552817711617552385	35	26	1
