552834461478715392	1	1	1
552834461478715392	2	1	1
552834461478715392	3	2	1
552834461478715392	4	3	1
552834461478715392	5	1	1
552834461478715392	6	1	-1
552834461478715392	7	1	1
552834461478715392	8	1	1
552834461478715392	9	1	1
552834461478715392	10	1	-1
552834461478715392	11	1	1
552834461478715392	12	1	-1
552834461478715392	13	9	-1
552834461478715392	14	1	1
552834461478715392	15	1	1
552834461478715392	16	1	-1
552834461478715392	17	1	-1
552834461478715392	18	1	1
552834461478715392	19	1	-1
552834461478715392	20	1	1
552834461478715392	21	13	1
552834461478715392	22	7	1
