552808071387701248	1	1	1
552808071387701248	2	1	1
552808071387701248	3	1	1
552808071387701248	4	1	-1
552808071387701248	5	1	1
552808071387701248	6	1	-1
552808071387701248	7	1	1
552808071387701248	8	1	-1
552808071387701248	9	1	1
552808071387701248	10	1	-1
552808071387701248	11	1	-1
552808071387701248	12	1	1
552808071387701248	13	1	-1
552808071387701248	14	1	1
552808071387701248	15	1	1
552808071387701248	16	1	1
552808071387701248	17	1	-1
552808071387701248	18	1	1
552808071387701248	19	8	1
552808071387701248	20	19	1
552808071387701248	21	19	-1
552808071387701248	22	20	1
552808071387701248	23	22	1
552808071387701248	24	23	-1
552808071387701248	25	11	1
552808071387701248	26	23	-1
552808071387701248	27	21	1
552808071387701248	28	26	-1
552808071387701248	29	21	-1
552808071387701248	30	27	1
552808071387701248	31	29	-1
552808071387701248	32	29	-1
552808071387701248	33	32	1
552808071387701248	34	31	-1
552808071387701248	35	30	1
552808071387701248	36	33	-1
552808071387701248	37	35	-1
552808071387701248	38	22	1
552808071387701248	39	38	-1
552808071387701248	40	28	-1
552808071387701248	41	37	-1
552808071387701248	42	31	-1
552808071387701248	43	40	1
552808071387701248	44	42	1
552808071387701248	45	39	-1
552808071387701248	46	45	1
552808071387701248	47	44	-1
552808071387701248	48	47	-1
552808071387701248	49	45	1
552808071387701248	50	49	-1
552808071387701248	51	49	1
552808071387701248	52	49	-1
552808071387701248	53	49	1
552808071387701248	54	52	-1
552808071387701248	55	52	-1
552808071387701248	56	52	1
552808071387701248	57	55	1
552808071387701248	58	55	-1
552808071387701248	59	58	-1
552808071387701248	60	59	1
552808071387701248	61	59	-1
552808071387701248	62	61	-1
552808071387701248	63	62	1
552808071387701248	64	62	-1
552808071387701248	65	64	1
552808071387701248	66	65	1
552808071387701248	67	64	1
552808071387701248	68	67	-1
552808071387701248	69	35	1
552808071387701248	70	69	1
552808071387701248	71	70	-1
552808071387701248	72	71	-1
552808071387701248	73	25	1
552808071387701248	74	73	-1
552808071387701248	75	72	-1
552808071387701248	76	74	1
552808071387701248	77	76	1
552808071387701248	78	75	1
552808071387701248	79	76	1
552808071387701248	80	79	-1
552808071387701248	81	77	-1
552808071387701248	82	81	-1
552808071387701248	83	82	1
552808071387701248	84	83	-1
552808071387701248	85	83	1
552808071387701248	86	83	1
552808071387701248	87	86	-1
552808071387701248	88	83	1
552808071387701248	89	83	1
552808071387701248	90	83	1
552808071387701248	91	89	1
552808071387701248	92	91	-1
552808071387701248	93	90	1
552808071387701248	94	93	-1
552808071387701248	95	78	1
552808071387701248	96	95	1
552808071387701248	97	96	1
552808071387701248	98	94	-1
552808071387701248	99	98	-1
552808071387701248	100	92	-1
552808071387701248	101	92	1
552808071387701248	102	97	1
552808071387701248	103	100	-1
552808071387701248	104	96	-1
552808071387701248	105	101	-1
552808071387701248	106	104	1
552808071387701248	107	106	1
552808071387701248	108	107	1
552808071387701248	109	107	1
552808071387701248	110	109	-1
