552817293969739778	1	1	1
552817293969739778	2	1	-1
552817293969739778	3	1	-1
552817293969739778	4	1	1
552817293969739778	5	3	1
552817293969739778	6	1	-1
552817293969739778	7	1	1
552817293969739778	8	1	-1
552817293969739778	9	7	-1
552817293969739778	10	5	1
552817293969739778	11	1	-1
552817293969739778	12	11	-1
552817293969739778	13	1	1
552817293969739778	14	1	-1
552817293969739778	15	1	-1
552817293969739778	16	15	1
552817293969739778	17	15	-1
552817293969739778	18	15	-1
552817293969739778	19	15	-1
552817293969739778	20	9	1
552817293969739778	21	15	1
552817293969739778	22	15	-1
552817293969739778	23	15	-1
552817293969739778	24	15	-1
552817293969739778	25	20	-1
552817293969739778	26	25	1
552817293969739778	27	15	-1
552817293969739778	28	15	-1
552817293969739778	29	25	1
552817293969739778	30	29	1
552817293969739778	31	30	1
552817293969739778	32	31	1
552817293969739778	33	31	-1
552817293969739778	34	33	1
552817293969739778	35	33	-1
552817293969739778	36	35	-1
552817293969739778	37	35	-1
552817293969739778	38	35	1
552817293969739778	39	37	1
552817293969739778	40	38	1
552817293969739778	41	40	1
552817293969739778	42	39	1
552817293969739778	43	40	1
552817293969739778	44	42	1
552817293969739778	45	44	1
552817293969739778	46	43	-1
552817293969739778	47	46	1
552817293969739778	48	45	1
552817293969739778	49	45	-1
552817293969739778	50	49	1
552817293969739778	51	48	1
552817293969739778	52	50	-1
552817293969739778	53	51	1
552817293969739778	54	52	-1
552817293969739778	55	54	1
552817293969739778	56	4	1
552817293969739778	57	15	1
552817293969739778	58	56	1
552817293969739778	59	10	-1
552817293969739778	60	15	-1
552817293969739778	61	15	1
552817293969739778	62	15	1
552817293969739778	63	60	-1
552817293969739778	64	28	-1
552817293969739778	65	15	1
552817293969739778	66	64	1
552817293969739778	67	66	1
552817293969739778	68	66	-1
552817293969739778	69	66	-1
552817293969739778	70	69	-1
552817293969739778	71	68	-1
552817293969739778	72	71	-1
552817293969739778	73	72	-1
552817293969739778	74	73	1
552817293969739778	75	74	-1
552817293969739778	76	75	-1
552817293969739778	77	76	1
552817293969739778	78	77	-1
552817293969739778	79	77	-1
552817293969739778	80	79	-1
552817293969739778	81	80	-1
552817293969739778	82	81	1
552817293969739778	83	82	1
552817293969739778	84	58	1
552817293969739778	85	84	1
552817293969739778	86	85	-1
552817293969739778	87	60	-1
