552807027781947393	1	1	1
552807027781947393	2	1	1
552807027781947393	3	1	-1
552807027781947393	4	1	-1
552807027781947393	5	1	-1
552807027781947393	6	1	1
552807027781947393	7	1	1
552807027781947393	8	1	-1
552807027781947393	9	1	-1
552807027781947393	10	1	1
552807027781947393	11	1	-1
552807027781947393	12	10	-1
552807027781947393	13	1	-1
552807027781947393	14	1	1
552807027781947393	15	10	1
552807027781947393	16	1	-1
552807027781947393	17	1	-1
552807027781947393	18	1	1
552807027781947393	19	1	1
552807027781947393	20	1	-1
552807027781947393	21	6	-1
552807027781947393	22	7	-1
