552833483325059072	1	1	1
552833483325059072	2	1	1
552833483325059072	3	1	-1
552833483325059072	4	3	-1
552833483325059072	5	1	-1
552833483325059072	6	1	1
552833483325059072	7	1	1
552833483325059072	8	1	-1
552833483325059072	9	1	1
552833483325059072	10	1	1
552833483325059072	11	1	1
552833483325059072	12	1	1
552833483325059072	13	1	1
552833483325059072	14	1	-1
552833483325059072	15	1	-1
552833483325059072	16	1	1
552833483325059072	17	13	1
552833483325059072	18	1	1
552833483325059072	19	16	-1
552833483325059072	20	1	1
