552813590919778304	1	1	1
552813590919778304	2	1	1
552813590919778304	3	1	1
552813590919778304	4	1	1
552813590919778304	5	1	-1
552813590919778304	6	1	-1
552813590919778304	7	1	-1
552813590919778304	8	1	-1
552813590919778304	9	1	1
552813590919778304	10	1	-1
552813590919778304	11	1	1
552813590919778304	12	1	1
552813590919778304	13	11	1
552813590919778304	14	1	1
552813590919778304	15	1	1
552813590919778304	16	1	-1
552813590919778304	17	1	-1
552813590919778304	18	1	-1
552813590919778304	19	1	-1
552813590919778304	20	19	1
552813590919778304	21	20	1
552813590919778304	22	21	1
552813590919778304	23	22	-1
552813590919778304	24	18	-1
