552801829290270720	1	1	1
552801829290270720	2	1	-1
552801829290270720	3	1	-1
552801829290270720	4	1	1
552801829290270720	5	3	1
552801829290270720	6	4	-1
552801829290270720	7	6	-1
552801829290270720	8	7	1
552801829290270720	9	4	-1
552801829290270720	10	7	-1
552801829290270720	11	7	1
552801829290270720	12	10	1
552801829290270720	13	12	1
552801829290270720	14	12	-1
552801829290270720	15	13	-1
552801829290270720	16	12	-1
552801829290270720	17	4	1
552801829290270720	18	15	-1
552801829290270720	19	15	-1
552801829290270720	20	17	1
552801829290270720	21	18	-1
552801829290270720	22	19	1
552801829290270720	23	22	-1
552801829290270720	24	23	1
552801829290270720	25	24	1
552801829290270720	26	9	1
552801829290270720	27	7	1
552801829290270720	28	27	1
552801829290270720	29	28	-1
552801829290270720	30	29	1
552801829290270720	31	30	1
552801829290270720	32	31	1
552801829290270720	33	31	1
