552845671477153793	1	1	1
552845671477153793	2	1	-1
552845671477153793	3	1	1
552845671477153793	4	1	1
552845671477153793	5	1	-1
552845671477153793	6	1	-1
552845671477153793	7	1	-1
552845671477153793	8	1	-1
552845671477153793	9	1	-1
552845671477153793	10	1	1
552845671477153793	11	1	1
552845671477153793	12	1	1
552845671477153793	13	1	1
552845671477153793	14	11	-1
552845671477153793	15	1	-1
552845671477153793	16	14	1
552845671477153793	17	1	1
552845671477153793	18	1	1
552845671477153793	19	16	1
552845671477153793	20	17	1
552845671477153793	21	18	1
552845671477153793	22	18	-1
552845671477153793	23	20	-1
552845671477153793	24	23	-1
