552803792618799106	1	1	1
552803792618799106	2	1	-1
552803792618799106	3	1	-1
552803792618799106	4	1	1
552803792618799106	5	1	1
552803792618799106	6	1	1
552803792618799106	7	6	-1
552803792618799106	8	1	-1
552803792618799106	9	7	-1
552803792618799106	10	1	-1
552803792618799106	11	1	-1
552803792618799106	12	1	-1
552803792618799106	13	1	-1
552803792618799106	14	1	1
552803792618799106	15	1	1
552803792618799106	16	1	1
552803792618799106	17	1	-1
552803792618799106	18	1	1
552803792618799106	19	1	1
552803792618799106	20	1	1
552803792618799106	21	7	1
552803792618799106	22	21	-1
552803792618799106	23	7	-1
552803792618799106	24	23	1
552803792618799106	25	24	-1
552803792618799106	26	24	1
552803792618799106	27	25	-1
552803792618799106	28	27	1
