552804810463117312	1	1	1
552804810463117312	2	1	-1
552804810463117312	3	1	1
552804810463117312	4	1	-1
552804810463117312	5	1	-1
552804810463117312	6	5	1
552804810463117312	7	5	-1
552804810463117312	8	3	1
552804810463117312	9	7	-1
552804810463117312	10	9	1
552804810463117312	11	7	-1
552804810463117312	12	10	1
552804810463117312	13	12	-1
552804810463117312	14	12	1
552804810463117312	15	12	-1
552804810463117312	16	14	-1
552804810463117312	17	16	1
552804810463117312	18	13	1
552804810463117312	19	16	-1
552804810463117312	20	1	-1
552804810463117312	21	10	-1
552804810463117312	22	10	-1
552804810463117312	23	19	1
552804810463117312	24	23	-1
552804810463117312	25	24	1
552804810463117312	26	25	-1
552804810463117312	27	26	1
552804810463117312	28	26	-1
552804810463117312	29	12	-1
552804810463117312	30	29	-1
552804810463117312	31	30	1
552804810463117312	32	11	-1
552804810463117312	33	32	-1
