552837132491186179	1	1	1
552837132491186179	2	1	1
552837132491186179	3	2	-1
552837132491186179	4	2	1
552837132491186179	5	2	1
552837132491186179	6	2	1
552837132491186179	7	2	1
552837132491186179	8	2	1
552837132491186179	9	2	1
552837132491186179	10	4	1
552837132491186179	11	2	-1
552837132491186179	12	2	-1
552837132491186179	13	2	1
552837132491186179	14	2	1
552837132491186179	15	2	1
552837132491186179	16	2	1
552837132491186179	17	2	-1
552837132491186179	18	2	-1
552837132491186179	19	2	1
552837132491186179	20	2	1
552837132491186179	21	2	1
552837132491186179	22	2	1
552837132491186179	23	13	1
552837132491186179	24	12	-1
552837132491186179	25	14	-1
552837132491186179	26	16	1
552837132491186179	27	17	1
552837132491186179	28	18	1
552837132491186179	29	19	-1
552837132491186179	30	20	-1
552837132491186179	31	21	-1
552837132491186179	32	22	1
