552836695754678273	1	1	1
552836695754678273	2	1	-1
552836695754678273	3	1	1
552836695754678273	4	1	-1
552836695754678273	5	1	-1
552836695754678273	6	1	-1
552836695754678273	7	2	1
552836695754678273	8	1	-1
552836695754678273	9	1	1
552836695754678273	10	1	-1
552836695754678273	11	1	1
552836695754678273	12	1	-1
552836695754678273	13	10	1
552836695754678273	14	13	1
552836695754678273	15	1	-1
552836695754678273	16	15	1
552836695754678273	17	12	-1
552836695754678273	18	14	-1
552836695754678273	19	17	1
552836695754678273	20	16	-1
552836695754678273	21	20	1
552836695754678273	22	16	1
552836695754678273	23	22	-1
552836695754678273	24	22	-1
552836695754678273	25	12	1
552836695754678273	26	25	1
552836695754678273	27	26	-1
552836695754678273	28	27	1
552836695754678273	29	27	1
552836695754678273	30	27	1
552836695754678273	31	28	-1
552836695754678273	32	30	-1
552836695754678273	33	32	1
552836695754678273	34	33	-1
552836695754678273	35	32	-1
552836695754678273	36	32	1
552836695754678273	37	36	-1
