552812572731527168	1	1	1
552812572731527168	2	1	1
552812572731527168	3	1	1
552812572731527168	4	1	1
552812572731527168	5	2	-1
552812572731527168	6	1	-1
552812572731527168	7	2	1
552812572731527168	8	5	-1
552812572731527168	9	1	-1
552812572731527168	10	9	1
552812572731527168	11	1	1
552812572731527168	12	1	1
552812572731527168	13	1	-1
552812572731527168	14	1	1
552812572731527168	15	13	1
552812572731527168	16	1	1
552812572731527168	17	10	-1
552812572731527168	18	1	1
552812572731527168	19	1	1
552812572731527168	20	1	-1
552812572731527168	21	19	1
