552806937470201856	1	1	1
552806937470201856	2	1	1
552806937470201856	3	1	1
552806937470201856	4	2	-1
552806937470201856	5	1	-1
552806937470201856	6	1	-1
552806937470201856	7	1	1
552806937470201856	8	1	1
552806937470201856	9	1	1
552806937470201856	10	1	-1
552806937470201856	11	1	1
552806937470201856	12	1	1
552806937470201856	13	1	1
552806937470201856	14	2	1
552806937470201856	15	1	1
552806937470201856	16	1	1
552806937470201856	17	1	1
552806937470201856	18	14	1
552806937470201856	19	17	1
552806937470201856	20	1	1
