552822604206460928	1	1	1
552822604206460928	2	1	-1
552822604206460928	3	1	-1
552822604206460928	4	1	-1
552822604206460928	5	1	-1
552822604206460928	6	3	-1
552822604206460928	7	1	-1
552822604206460928	8	1	-1
552822604206460928	9	1	-1
552822604206460928	10	1	-1
552822604206460928	11	1	1
552822604206460928	12	1	1
552822604206460928	13	1	-1
552822604206460928	14	1	-1
552822604206460928	15	1	1
552822604206460928	16	1	1
552822604206460928	17	1	-1
552822604206460928	18	1	-1
552822604206460928	19	18	1
552822604206460928	20	1	1
552822604206460928	21	14	-1
552822604206460928	22	21	1
552822604206460928	23	14	-1
552822604206460928	24	21	1
552822604206460928	25	24	-1
552822604206460928	26	21	1
