552993818816299008	1	1	1
552993818816299008	2	1	-1
552993818816299008	3	1	-1
552993818816299008	4	1	1
552993818816299008	5	2	-1
552993818816299008	6	2	1
552993818816299008	7	4	-1
552993818816299008	8	2	-1
552993818816299008	9	7	-1
552993818816299008	10	7	1
552993818816299008	11	3	-1
552993818816299008	12	10	1
552993818816299008	13	4	1
552993818816299008	14	12	-1
552993818816299008	15	9	1
552993818816299008	16	9	1
552993818816299008	17	15	1
552993818816299008	18	9	1
552993818816299008	19	4	-1
552993818816299008	20	13	-1
552993818816299008	21	14	1
552993818816299008	22	21	1
552993818816299008	23	14	1
552993818816299008	24	19	-1
552993818816299008	25	19	-1
552993818816299008	26	14	-1
552993818816299008	27	14	-1
552993818816299008	28	14	-1
552993818816299008	29	20	1
552993818816299008	30	24	1
552993818816299008	31	28	1
552993818816299008	32	19	1
552993818816299008	33	28	1
552993818816299008	34	20	1
552993818816299008	35	19	-1
552993818816299008	36	31	1
552993818816299008	37	29	1
552993818816299008	38	29	-1
552993818816299008	39	31	-1
552993818816299008	40	36	-1
552993818816299008	41	29	-1
552993818816299008	42	31	1
552993818816299008	43	35	-1
552993818816299008	44	26	1
552993818816299008	45	33	-1
552993818816299008	46	28	-1
552993818816299008	47	40	1
552993818816299008	48	33	1
552993818816299008	49	26	-1
552993818816299008	50	37	1
552993818816299008	51	33	-1
552993818816299008	52	43	1
552993818816299008	53	43	1
552993818816299008	54	43	-1
552993818816299008	55	52	-1
552993818816299008	56	47	1
552993818816299008	57	32	-1
552993818816299008	58	44	1
552993818816299008	59	46	1
552993818816299008	60	35	-1
552993818816299008	61	35	1
552993818816299008	62	59	1
552993818816299008	63	51	-1
552993818816299008	64	54	-1
552993818816299008	65	62	-1
552993818816299008	66	54	1
552993818816299008	67	54	-1
552993818816299008	68	60	-1
552993818816299008	69	35	-1
552993818816299008	70	37	-1
552993818816299008	71	60	-1
552993818816299008	72	38	1
552993818816299008	73	60	-1
552993818816299008	74	63	-1
552993818816299008	75	72	1
552993818816299008	76	41	-1
552993818816299008	77	74	1
552993818816299008	78	50	1
552993818816299008	79	70	-1
552993818816299008	80	70	-1
552993818816299008	81	77	-1
552993818816299008	82	55	1
552993818816299008	83	78	-1
552993818816299008	84	77	1
552993818816299008	85	84	1
552993818816299008	86	68	-1
552993818816299008	87	68	-1
552993818816299008	88	68	1
552993818816299008	89	62	1
552993818816299008	90	87	-1
552993818816299008	91	87	-1
552993818816299008	92	86	1
552993818816299008	93	88	-1
552993818816299008	94	86	1
552993818816299008	95	80	-1
552993818816299008	96	79	1
552993818816299008	97	89	1
552993818816299008	98	89	1
552993818816299008	99	83	-1
552993818816299008	100	83	1
552993818816299008	101	89	-1
552993818816299008	102	84	1
552993818816299008	103	90	-1
552993818816299008	104	101	-1
552993818816299008	105	92	1
552993818816299008	106	104	1
552993818816299008	107	101	1
552993818816299008	108	94	-1
552993818816299008	109	94	-1
552993818816299008	110	107	-1
552993818816299008	111	94	-1
552993818816299008	112	86	1
552993818816299008	113	106	-1
552993818816299008	114	110	1
552993818816299008	115	105	1
552993818816299008	116	112	1
552993818816299008	117	112	1
552993818816299008	118	116	1
552993818816299008	119	115	-1
552993818816299008	120	116	1
552993818816299008	121	115	1
552993818816299008	122	115	-1
552993818816299008	123	113	-1
552993818816299008	124	116	1
552993818816299008	125	118	-1
552993818816299008	126	116	-1
552993818816299008	127	124	-1
552993818816299008	128	125	1
552993818816299008	129	121	-1
552993818816299008	130	124	-1
552993818816299008	131	124	-1
552993818816299008	132	126	1
552993818816299008	133	126	1
552993818816299008	134	128	-1
552993818816299008	135	123	1
552993818816299008	136	134	-1
552993818816299008	137	134	1
552993818816299008	138	134	-1
552993818816299008	139	134	-1
552993818816299008	140	133	1
552993818816299008	141	130	1
552993818816299008	142	138	-1
552993818816299008	143	139	1
552993818816299008	144	140	-1
552993818816299008	145	140	1
552993818816299008	146	142	1
552993818816299008	147	141	1
552993818816299008	148	142	-1
552993818816299008	149	142	-1
552993818816299008	150	147	1
552993818816299008	151	146	1
552993818816299008	152	151	-1
552993818816299008	153	148	1
552993818816299008	154	153	1
552993818816299008	155	148	-1
552993818816299008	156	148	1
552993818816299008	157	156	1
552993818816299008	158	157	-1
552993818816299008	159	156	1
552993818816299008	160	152	-1
552993818816299008	161	150	-1
552993818816299008	162	158	1
552993818816299008	163	5	1
552993818816299008	164	5	1
552993818816299008	165	5	1
552993818816299008	166	164	-1
552993818816299008	167	166	-1
552993818816299008	168	164	1
552993818816299008	169	110	1
552993818816299008	170	110	-1
552993818816299008	171	110	1
552993818816299008	172	110	-1
552993818816299008	173	110	1
552993818816299008	174	172	1
552993818816299008	175	172	1
552993818816299008	176	172	1
552993818816299008	177	171	1
552993818816299008	178	171	-1
