552979420227842048	1	1	1
552979420227842048	2	1	-1
552979420227842048	3	1	1
552979420227842048	4	1	-1
552979420227842048	5	1	1
552979420227842048	6	1	-1
552979420227842048	7	1	-1
552979420227842048	8	1	1
552979420227842048	9	8	-1
552979420227842048	10	8	-1
552979420227842048	11	1	-1
552979420227842048	12	1	-1
552979420227842048	13	11	-1
552979420227842048	14	1	-1
552979420227842048	15	13	-1
552979420227842048	16	15	1
552979420227842048	17	16	1
552979420227842048	18	1	1
552979420227842048	19	17	1
552979420227842048	20	19	-1
552979420227842048	21	18	1
552979420227842048	22	20	1
552979420227842048	23	22	-1
552979420227842048	24	21	1
552979420227842048	25	24	1
552979420227842048	26	25	1
552979420227842048	27	25	-1
552979420227842048	28	3	-1
552979420227842048	29	3	1
552979420227842048	30	29	1
