552980557836337152	1	1	1
552980557836337152	2	1	1
552980557836337152	3	1	-1
552980557836337152	4	1	1
552980557836337152	5	1	1
552980557836337152	6	1	-1
552980557836337152	7	1	-1
552980557836337152	8	1	-1
552980557836337152	9	1	-1
552980557836337152	10	9	-1
552980557836337152	11	9	-1
552980557836337152	12	9	1
552980557836337152	13	11	1
552980557836337152	14	1	-1
552980557836337152	15	9	1
552980557836337152	16	11	-1
552980557836337152	17	1	-1
552980557836337152	18	7	1
552980557836337152	19	12	1
552980557836337152	20	14	-1
552980557836337152	21	20	-1
552980557836337152	22	6	1
