552982443511144448	1	1	1
552982443511144448	2	1	1
552982443511144448	3	1	1
552982443511144448	4	3	-1
552982443511144448	5	4	-1
552982443511144448	6	5	-1
552982443511144448	7	1	1
552982443511144448	8	1	1
552982443511144448	9	1	1
552982443511144448	10	9	-1
552982443511144448	11	1	-1
552982443511144448	12	1	-1
552982443511144448	13	1	-1
552982443511144448	14	1	1
552982443511144448	15	1	1
552982443511144448	16	9	-1
552982443511144448	17	1	-1
552982443511144448	18	1	-1
552982443511144448	19	18	1
552982443511144448	20	18	1
552982443511144448	21	9	1
552982443511144448	22	21	-1
552982443511144448	23	21	-1
552982443511144448	24	22	1
552982443511144448	25	23	-1
552982443511144448	26	24	-1
552982443511144448	27	26	1
552982443511144448	28	27	-1
552982443511144448	29	28	1
552982443511144448	30	29	1
552982443511144448	31	29	1
552982443511144448	32	29	1
552982443511144448	33	29	-1
552982443511144448	34	32	-1
552982443511144448	35	34	1
552982443511144448	36	35	-1
