553144428584398850	1	1	1
553144428584398850	2	1	-1
553144428584398850	3	1	1
553144428584398850	4	1	-1
553144428584398850	5	1	1
553144428584398850	6	1	-1
553144428584398850	7	1	-1
553144428584398850	8	1	1
553144428584398850	9	3	1
553144428584398850	10	1	1
553144428584398850	11	1	1
553144428584398850	12	1	-1
553144428584398850	13	12	-1
553144428584398850	14	12	-1
553144428584398850	15	13	-1
553144428584398850	16	13	-1
553144428584398850	17	1	1
553144428584398850	18	1	-1
553144428584398850	19	18	1
553144428584398850	20	19	1
