553114307383541761	1	1	1
553114307383541761	2	1	-1
553114307383541761	3	1	1
553114307383541761	4	1	1
553114307383541761	5	1	-1
553114307383541761	6	1	1
553114307383541761	7	1	-1
553114307383541761	8	1	-1
553114307383541761	9	1	1
553114307383541761	10	1	1
553114307383541761	11	1	-1
553114307383541761	12	1	-1
553114307383541761	13	1	-1
553114307383541761	14	13	1
553114307383541761	15	1	-1
553114307383541761	16	14	1
553114307383541761	17	1	1
553114307383541761	18	1	1
553114307383541761	19	1	-1
553114307383541761	20	1	-1
553114307383541761	21	19	-1
