553115341338198016	1	1	1
553115341338198016	2	1	-1
553115341338198016	3	1	1
553115341338198016	4	1	-1
553115341338198016	5	1	-1
553115341338198016	6	1	-1
553115341338198016	7	1	1
553115341338198016	8	1	-1
553115341338198016	9	1	-1
553115341338198016	10	1	-1
553115341338198016	11	1	1
553115341338198016	12	1	-1
553115341338198016	13	1	1
553115341338198016	14	1	1
553115341338198016	15	1	1
553115341338198016	16	1	-1
553115341338198016	17	1	1
553115341338198016	18	5	-1
553115341338198016	19	5	1
553115341338198016	20	18	1
553115341338198016	21	5	-1
553115341338198016	22	21	1
