553198107278987264	1	1	1
553198107278987264	2	1	-1
553198107278987264	3	1	1
553198107278987264	4	2	-1
553198107278987264	5	4	1
553198107278987264	6	1	1
553198107278987264	7	1	-1
553198107278987264	8	1	1
553198107278987264	9	1	1
553198107278987264	10	1	1
553198107278987264	11	1	1
553198107278987264	12	4	1
553198107278987264	13	12	-1
553198107278987264	14	13	1
553198107278987264	15	1	1
553198107278987264	16	1	1
553198107278987264	17	1	1
553198107278987264	18	6	-1
553198107278987264	19	1	1
553198107278987264	20	1	1
553198107278987264	21	4	1
553198107278987264	22	21	1
