553120849231089664	1	1	1
553120849231089664	2	1	1
553120849231089664	3	1	-1
553120849231089664	4	1	-1
553120849231089664	5	1	1
553120849231089664	6	1	1
553120849231089664	7	1	1
553120849231089664	8	1	1
553120849231089664	9	1	1
553120849231089664	10	1	-1
553120849231089664	11	1	-1
553120849231089664	12	7	-1
553120849231089664	13	1	-1
553120849231089664	14	1	-1
553120849231089664	15	1	-1
553120849231089664	16	1	1
553120849231089664	17	1	1
553120849231089664	18	17	1
553120849231089664	19	1	1
553120849231089664	20	1	-1
553120849231089664	21	7	-1
553120849231089664	22	21	1
553120849231089664	23	22	-1
