553128325217275905	1	1	1
553128325217275905	2	1	1
553128325217275905	3	1	-1
553128325217275905	4	1	-1
553128325217275905	5	1	-1
553128325217275905	6	2	1
553128325217275905	7	6	-1
553128325217275905	8	1	-1
553128325217275905	9	1	1
553128325217275905	10	7	-1
553128325217275905	11	7	1
553128325217275905	12	10	-1
553128325217275905	13	6	-1
553128325217275905	14	1	-1
553128325217275905	15	6	-1
553128325217275905	16	5	1
553128325217275905	17	6	-1
553128325217275905	18	6	-1
553128325217275905	19	11	1
553128325217275905	20	19	1
553128325217275905	21	19	-1
553128325217275905	22	20	-1
553128325217275905	23	21	-1
553128325217275905	24	21	-1
553128325217275905	25	22	-1
553128325217275905	26	22	1
