553193480319942656	1	1	1
553193480319942656	2	1	1
553193480319942656	3	2	1
553193480319942656	4	1	1
553193480319942656	5	1	1
553193480319942656	6	3	1
553193480319942656	7	1	-1
553193480319942656	8	6	1
553193480319942656	9	1	1
553193480319942656	10	1	-1
553193480319942656	11	1	1
553193480319942656	12	2	1
553193480319942656	13	12	1
553193480319942656	14	1	-1
553193480319942656	15	1	-1
553193480319942656	16	5	1
553193480319942656	17	13	1
553193480319942656	18	13	-1
553193480319942656	19	17	-1
553193480319942656	20	18	-1
553193480319942656	21	19	1
553193480319942656	22	21	-1
553193480319942656	23	19	1
553193480319942656	24	21	-1
553193480319942656	25	24	-1
553193480319942656	26	23	1
553193480319942656	27	24	-1
553193480319942656	28	25	1
553193480319942656	29	24	-1
553193480319942656	30	28	1
553193480319942656	31	30	-1
553193480319942656	32	11	-1
553193480319942656	33	8	1
