553183067670843392	1	1	1
553183067670843392	2	1	-1
553183067670843392	3	1	-1
553183067670843392	4	1	-1
553183067670843392	5	1	-1
553183067670843392	6	1	1
553183067670843392	7	1	-1
553183067670843392	8	1	-1
553183067670843392	9	1	-1
553183067670843392	10	1	-1
553183067670843392	11	1	-1
553183067670843392	12	1	-1
553183067670843392	13	1	1
553183067670843392	14	1	-1
553183067670843392	15	1	1
553183067670843392	16	1	1
553183067670843392	17	1	1
553183067670843392	18	1	-1
553183067670843392	19	1	-1
553183067670843392	20	1	-1
