553177082566836225	1	1	1
553177082566836225	2	1	1
553177082566836225	3	1	-1
553177082566836225	4	1	-1
553177082566836225	5	1	-1
553177082566836225	6	1	1
553177082566836225	7	1	1
553177082566836225	8	1	-1
553177082566836225	9	1	1
553177082566836225	10	1	1
553177082566836225	11	6	-1
553177082566836225	12	1	-1
553177082566836225	13	1	-1
553177082566836225	14	1	-1
553177082566836225	15	1	-1
553177082566836225	16	1	1
553177082566836225	17	1	-1
553177082566836225	18	1	1
553177082566836225	19	1	1
553177082566836225	20	1	-1
553177082566836225	21	18	-1
553177082566836225	22	21	-1
553177082566836225	23	21	1
553177082566836225	24	23	1
553177082566836225	25	24	1
553177082566836225	26	25	-1
