553175336926449664	1	1	1
553175336926449664	2	1	-1
553175336926449664	3	1	-1
553175336926449664	4	1	-1
553175336926449664	5	1	1
553175336926449664	6	1	1
553175336926449664	7	1	1
553175336926449664	8	1	1
553175336926449664	9	1	1
553175336926449664	10	1	1
553175336926449664	11	1	1
553175336926449664	12	1	1
553175336926449664	13	1	1
553175336926449664	14	1	-1
553175336926449664	15	1	-1
553175336926449664	16	1	-1
553175336926449664	17	1	-1
553175336926449664	18	1	1
553175336926449664	19	1	1
553175336926449664	20	1	-1
