553145755079569408	1	1	1
553145755079569408	2	1	-1
553145755079569408	3	1	-1
553145755079569408	4	1	1
553145755079569408	5	1	-1
553145755079569408	6	1	1
553145755079569408	7	1	1
553145755079569408	8	1	-1
553145755079569408	9	1	-1
553145755079569408	10	1	-1
553145755079569408	11	1	1
553145755079569408	12	10	1
553145755079569408	13	1	1
553145755079569408	14	12	1
553145755079569408	15	3	1
553145755079569408	16	12	1
553145755079569408	17	1	1
553145755079569408	18	14	1
553145755079569408	19	1	1
553145755079569408	20	18	1
553145755079569408	21	11	1
553145755079569408	22	10	-1
553145755079569408	23	12	-1
553145755079569408	24	23	-1
553145755079569408	25	7	1
553145755079569408	26	25	-1
