553143905039159297	1	1	1
553143905039159297	2	1	-1
553143905039159297	3	1	1
553143905039159297	4	2	-1
553143905039159297	5	3	1
553143905039159297	6	3	-1
553143905039159297	7	4	1
553143905039159297	8	5	1
553143905039159297	9	8	-1
553143905039159297	10	9	-1
553143905039159297	11	3	1
553143905039159297	12	1	1
553143905039159297	13	9	-1
553143905039159297	14	10	-1
553143905039159297	15	1	1
553143905039159297	16	1	-1
553143905039159297	17	11	1
553143905039159297	18	7	-1
553143905039159297	19	15	-1
553143905039159297	20	12	1
553143905039159297	21	8	-1
553143905039159297	22	12	1
553143905039159297	23	21	-1
553143905039159297	24	18	-1
553143905039159297	25	1	1
553143905039159297	26	18	1
553143905039159297	27	18	1
553143905039159297	28	22	-1
553143905039159297	29	19	-1
553143905039159297	30	23	-1
553143905039159297	31	21	1
553143905039159297	32	28	-1
553143905039159297	33	21	-1
553143905039159297	34	21	-1
553143905039159297	35	20	1
553143905039159297	36	34	1
553143905039159297	37	27	1
553143905039159297	38	32	-1
553143905039159297	39	36	-1
553143905039159297	40	36	-1
553143905039159297	41	31	-1
553143905039159297	42	37	-1
553143905039159297	43	38	1
553143905039159297	44	34	-1
553143905039159297	45	35	1
553143905039159297	46	27	1
553143905039159297	47	34	-1
553143905039159297	48	43	-1
553143905039159297	49	42	-1
553143905039159297	50	44	-1
553143905039159297	51	34	1
553143905039159297	52	32	-1
553143905039159297	53	48	-1
553143905039159297	54	49	1
553143905039159297	55	52	1
553143905039159297	56	50	-1
553143905039159297	57	43	-1
553143905039159297	58	43	1
553143905039159297	59	21	-1
553143905039159297	60	55	1
553143905039159297	61	58	-1
553143905039159297	62	59	-1
553143905039159297	63	60	-1
553143905039159297	64	34	-1
553143905039159297	65	53	-1
553143905039159297	66	63	1
553143905039159297	67	64	-1
553143905039159297	68	67	-1
553143905039159297	69	19	1
553143905039159297	70	69	-1
553143905039159297	71	68	1
553143905039159297	72	71	-1
553143905039159297	73	72	-1
553143905039159297	74	73	-1
553143905039159297	75	64	1
553143905039159297	76	64	-1
553143905039159297	77	76	-1
553143905039159297	78	64	-1
553143905039159297	79	78	1
553143905039159297	80	75	-1
553143905039159297	81	77	-1
553143905039159297	82	77	-1
553143905039159297	83	78	-1
553143905039159297	84	81	-1
553143905039159297	85	82	1
553143905039159297	86	83	-1
553143905039159297	87	86	1
553143905039159297	88	86	-1
553143905039159297	89	87	1
553143905039159297	90	88	1
553143905039159297	91	88	1
553143905039159297	92	83	1
553143905039159297	93	83	1
553143905039159297	94	87	1
553143905039159297	95	89	-1
553143905039159297	96	92	1
553143905039159297	97	93	-1
553143905039159297	98	97	1
553143905039159297	99	96	-1
