553189526177579008	1	1	1
553189526177579008	2	1	-1
553189526177579008	3	1	1
553189526177579008	4	1	1
553189526177579008	5	1	1
553189526177579008	6	1	1
553189526177579008	7	1	-1
553189526177579008	8	1	-1
553189526177579008	9	1	-1
553189526177579008	10	1	-1
553189526177579008	11	1	-1
553189526177579008	12	1	1
553189526177579008	13	1	-1
553189526177579008	14	1	-1
553189526177579008	15	8	-1
553189526177579008	16	1	-1
553189526177579008	17	1	-1
553189526177579008	18	15	-1
553189526177579008	19	1	1
553189526177579008	20	1	1
553189526177579008	21	8	1
553189526177579008	22	18	-1
553189526177579008	23	18	1
553189526177579008	24	23	1
553189526177579008	25	8	1
553189526177579008	26	25	-1
553189526177579008	27	21	-1
553189526177579008	28	27	1
553189526177579008	29	27	1
553189526177579008	30	24	1
553189526177579008	31	30	1
553189526177579008	32	13	-1
553189526177579008	33	13	1
553189526177579008	34	24	-1
553189526177579008	35	32	-1
553189526177579008	36	34	1
553189526177579008	37	36	-1
553189526177579008	38	36	-1
553189526177579008	39	13	1
553189526177579008	40	39	-1
553189526177579008	41	34	-1
553189526177579008	42	41	-1
553189526177579008	43	42	-1
553189526177579008	44	43	1
553189526177579008	45	44	-1
553189526177579008	46	44	1
553189526177579008	47	46	-1
553189526177579008	48	45	-1
553189526177579008	49	47	1
553189526177579008	50	48	1
553189526177579008	51	50	1
553189526177579008	52	49	1
553189526177579008	53	51	1
553189526177579008	54	53	1
553189526177579008	55	54	1
553189526177579008	56	55	-1
553189526177579008	57	55	-1
