553157744061325312	1	1	1
553157744061325312	2	1	1
553157744061325312	3	1	-1
553157744061325312	4	1	-1
553157744061325312	5	2	-1
553157744061325312	6	1	1
553157744061325312	7	5	1
553157744061325312	8	1	-1
553157744061325312	9	1	1
553157744061325312	10	9	-1
553157744061325312	11	10	-1
553157744061325312	12	1	1
553157744061325312	13	1	-1
553157744061325312	14	1	1
553157744061325312	15	14	1
553157744061325312	16	14	-1
553157744061325312	17	16	-1
553157744061325312	18	15	1
553157744061325312	19	1	1
553157744061325312	20	19	1
553157744061325312	21	20	-1
553157744061325312	22	21	-1
553157744061325312	23	22	-1
553157744061325312	24	23	-1
553157744061325312	25	23	1
553157744061325312	26	25	1
553157744061325312	27	26	-1
