553162401940770816	1	1	1
553162401940770816	2	1	-1
553162401940770816	3	1	1
553162401940770816	4	3	-1
553162401940770816	5	1	1
553162401940770816	6	4	1
553162401940770816	7	1	1
553162401940770816	8	1	-1
553162401940770816	9	7	-1
553162401940770816	10	9	1
553162401940770816	11	10	-1
553162401940770816	12	11	1
553162401940770816	13	11	-1
553162401940770816	14	13	1
553162401940770816	15	13	1
553162401940770816	16	13	1
553162401940770816	17	14	1
553162401940770816	18	13	-1
553162401940770816	19	15	1
553162401940770816	20	16	-1
553162401940770816	21	19	1
553162401940770816	22	20	1
553162401940770816	23	18	-1
553162401940770816	24	18	-1
553162401940770816	25	22	-1
553162401940770816	26	21	-1
553162401940770816	27	21	-1
553162401940770816	28	22	1
553162401940770816	29	22	-1
553162401940770816	30	28	-1
553162401940770816	31	29	1
553162401940770816	32	30	1
553162401940770816	33	30	-1
553162401940770816	34	32	-1
553162401940770816	35	31	1
553162401940770816	36	34	-1
553162401940770816	37	34	1
553162401940770816	38	37	-1
553162401940770816	39	38	1
553162401940770816	40	38	1
553162401940770816	41	38	1
553162401940770816	42	25	-1
553162401940770816	43	25	-1
553162401940770816	44	25	1
553162401940770816	45	25	1
553162401940770816	46	42	-1
553162401940770816	47	46	-1
553162401940770816	48	46	1
553162401940770816	49	46	-1
553162401940770816	50	46	-1
553162401940770816	51	46	-1
553162401940770816	52	46	-1
553162401940770816	53	46	1
553162401940770816	54	46	1
