553192641328734208	1	1	1
553192641328734208	2	1	-1
553192641328734208	3	2	1
553192641328734208	4	3	1
553192641328734208	5	1	1
553192641328734208	6	1	1
553192641328734208	7	1	-1
553192641328734208	8	1	1
553192641328734208	9	7	-1
553192641328734208	10	9	1
553192641328734208	11	1	-1
553192641328734208	12	10	1
553192641328734208	13	1	-1
553192641328734208	14	13	-1
553192641328734208	15	1	1
553192641328734208	16	1	1
553192641328734208	17	1	1
553192641328734208	18	1	-1
553192641328734208	19	1	1
553192641328734208	20	1	-1
553192641328734208	21	19	1
553192641328734208	22	3	-1
