553228535511650305	1	1	1
553228535511650305	2	1	-1
553228535511650305	3	1	1
553228535511650305	4	1	1
553228535511650305	5	1	1
553228535511650305	6	1	1
553228535511650305	7	1	1
553228535511650305	8	2	-1
553228535511650305	9	8	-1
553228535511650305	10	1	-1
553228535511650305	11	4	-1
553228535511650305	12	1	1
553228535511650305	13	1	-1
553228535511650305	14	9	-1
553228535511650305	15	1	-1
553228535511650305	16	14	1
553228535511650305	17	1	-1
553228535511650305	18	1	1
553228535511650305	19	16	1
553228535511650305	20	1	1
553228535511650305	21	19	1
553228535511650305	22	10	-1
553228535511650305	23	10	1
