553229956830875650	1	1	1
553229956830875650	2	1	-1
553229956830875650	3	1	1
553229956830875650	4	1	1
553229956830875650	5	1	-1
553229956830875650	6	1	-1
553229956830875650	7	1	-1
553229956830875650	8	1	-1
553229956830875650	9	1	1
553229956830875650	10	1	-1
553229956830875650	11	1	-1
553229956830875650	12	1	-1
553229956830875650	13	1	1
553229956830875650	14	1	-1
553229956830875650	15	1	1
553229956830875650	16	1	-1
553229956830875650	17	16	-1
553229956830875650	18	17	-1
553229956830875650	19	18	1
553229956830875650	20	18	-1
553229956830875650	21	20	1
