553227238829981698	1	1	1
553227238829981698	2	1	-1
553227238829981698	3	1	1
553227238829981698	4	1	-1
553227238829981698	5	4	1
553227238829981698	6	1	1
553227238829981698	7	1	-1
553227238829981698	8	1	1
553227238829981698	9	1	-1
553227238829981698	10	1	-1
553227238829981698	11	1	-1
553227238829981698	12	1	1
553227238829981698	13	1	-1
553227238829981698	14	10	-1
553227238829981698	15	1	1
553227238829981698	16	1	1
553227238829981698	17	1	1
553227238829981698	18	1	-1
553227238829981698	19	1	-1
553227238829981698	20	1	-1
553227238829981698	21	11	1
553227238829981698	22	11	1
