553227220765130752	1	1	1
553227220765130752	2	1	1
553227220765130752	3	1	1
553227220765130752	4	1	-1
553227220765130752	5	1	1
553227220765130752	6	1	1
553227220765130752	7	1	1
553227220765130752	8	1	1
553227220765130752	9	1	-1
553227220765130752	10	1	1
553227220765130752	11	1	1
553227220765130752	12	1	1
553227220765130752	13	1	1
553227220765130752	14	1	-1
553227220765130752	15	1	-1
553227220765130752	16	1	1
553227220765130752	17	13	1
553227220765130752	18	1	-1
553227220765130752	19	1	-1
553227220765130752	20	17	-1
553227220765130752	21	20	-1
553227220765130752	22	21	-1
553227220765130752	23	21	-1
