553220369721483266	1	1	1
553220369721483266	2	1	1
553220369721483266	3	1	-1
553220369721483266	4	1	1
553220369721483266	5	1	-1
553220369721483266	6	1	1
553220369721483266	7	1	-1
553220369721483266	8	1	-1
553220369721483266	9	1	1
553220369721483266	10	1	1
553220369721483266	11	1	1
553220369721483266	12	1	-1
553220369721483266	13	1	1
553220369721483266	14	1	1
553220369721483266	15	1	-1
553220369721483266	16	1	1
553220369721483266	17	1	1
553220369721483266	18	1	-1
553220369721483266	19	1	-1
553220369721483266	20	1	1
553220369721483266	21	19	-1
553220369721483266	22	21	-1
553220369721483266	23	22	-1
