553205427253829632	1	1	1
553205427253829632	2	1	-1
553205427253829632	3	1	-1
553205427253829632	4	1	1
553205427253829632	5	3	1
553205427253829632	6	1	1
553205427253829632	7	1	1
553205427253829632	8	1	1
553205427253829632	9	1	1
553205427253829632	10	1	-1
553205427253829632	11	9	-1
553205427253829632	12	1	-1
553205427253829632	13	1	1
553205427253829632	14	1	1
553205427253829632	15	1	-1
553205427253829632	16	1	1
553205427253829632	17	1	-1
553205427253829632	18	1	1
553205427253829632	19	1	-1
553205427253829632	20	1	1
553205427253829632	21	15	1
553205427253829632	22	8	-1
