553216451780554752	1	1	1
553216451780554752	2	1	-1
553216451780554752	3	1	1
553216451780554752	4	1	1
553216451780554752	5	2	1
553216451780554752	6	3	-1
553216451780554752	7	1	-1
553216451780554752	8	1	1
553216451780554752	9	6	1
553216451780554752	10	6	1
553216451780554752	11	1	-1
553216451780554752	12	3	1
553216451780554752	13	1	1
553216451780554752	14	1	1
553216451780554752	15	12	-1
553216451780554752	16	11	1
553216451780554752	17	9	1
553216451780554752	18	10	1
553216451780554752	19	17	1
553216451780554752	20	1	-1
553216451780554752	21	11	1
553216451780554752	22	21	-1
553216451780554752	23	21	1
553216451780554752	24	21	-1
553216451780554752	25	24	-1
553216451780554752	26	25	1
553216451780554752	27	26	1
553216451780554752	28	26	1
553216451780554752	29	28	1
553216451780554752	30	28	1
553216451780554752	31	28	1
553216451780554752	32	31	-1
553216451780554752	33	32	-1
553216451780554752	34	32	-1
553216451780554752	35	32	1
553216451780554752	36	27	1
553216451780554752	37	36	1
553216451780554752	38	36	1
553216451780554752	39	38	1
553216451780554752	40	18	1
553216451780554752	41	39	-1
553216451780554752	42	40	1
553216451780554752	43	41	-1
553216451780554752	44	43	-1
553216451780554752	45	43	1
553216451780554752	46	43	1
553216451780554752	47	43	1
553216451780554752	48	42	1
553216451780554752	49	7	1
553216451780554752	50	49	-1
553216451780554752	51	49	1
553216451780554752	52	50	-1
553216451780554752	53	52	-1
553216451780554752	54	53	1
553216451780554752	55	53	-1
