553218599390040065	1	1	1
553218599390040065	2	1	1
553218599390040065	3	1	1
553218599390040065	4	1	1
553218599390040065	5	1	-1
553218599390040065	6	1	-1
553218599390040065	7	4	-1
553218599390040065	8	1	1
553218599390040065	9	7	-1
553218599390040065	10	9	-1
553218599390040065	11	1	1
553218599390040065	12	10	-1
553218599390040065	13	1	1
553218599390040065	14	1	1
553218599390040065	15	1	1
553218599390040065	16	1	-1
553218599390040065	17	1	-1
553218599390040065	18	1	1
553218599390040065	19	1	-1
553218599390040065	20	4	-1
553218599390040065	21	20	1
553218599390040065	22	21	1
553218599390040065	23	22	-1
553218599390040065	24	23	1
553218599390040065	25	15	-1
553218599390040065	26	24	1
553218599390040065	27	26	-1
