553227288859664384	1	1	1
553227288859664384	2	1	1
553227288859664384	3	1	-1
553227288859664384	4	1	-1
553227288859664384	5	1	-1
553227288859664384	6	1	-1
553227288859664384	7	3	-1
553227288859664384	8	1	1
553227288859664384	9	1	1
553227288859664384	10	1	1
553227288859664384	11	1	-1
553227288859664384	12	1	-1
553227288859664384	13	1	1
553227288859664384	14	1	-1
553227288859664384	15	1	-1
553227288859664384	16	8	-1
553227288859664384	17	1	-1
553227288859664384	18	14	1
553227288859664384	19	1	1
553227288859664384	20	1	-1
553227288859664384	21	18	-1
553227288859664384	22	21	-1
553227288859664384	23	22	-1
553227288859664384	24	23	1
553227288859664384	25	21	-1
553227288859664384	26	22	-1
553227288859664384	27	25	1
553227288859664384	28	26	1
553227288859664384	29	27	-1
553227288859664384	30	28	1
553227288859664384	31	28	-1
553227288859664384	32	30	1
553227288859664384	33	31	-1
553227288859664384	34	16	-1
