553200573387124736	1	1	1
553200573387124736	2	1	1
553200573387124736	3	1	-1
553200573387124736	4	1	1
553200573387124736	5	1	1
553200573387124736	6	1	-1
553200573387124736	7	1	-1
553200573387124736	8	1	1
553200573387124736	9	1	1
553200573387124736	10	1	1
553200573387124736	11	1	-1
553200573387124736	12	1	-1
553200573387124736	13	1	1
553200573387124736	14	13	-1
553200573387124736	15	1	-1
553200573387124736	16	1	-1
553200573387124736	17	1	1
553200573387124736	18	1	1
553200573387124736	19	1	-1
553200573387124736	20	19	-1
