553200769671761920	1	1	1
553200769671761920	2	1	1
553200769671761920	3	1	1
553200769671761920	4	1	-1
553200769671761920	5	1	1
553200769671761920	6	3	-1
553200769671761920	7	1	-1
553200769671761920	8	6	1
553200769671761920	9	1	1
553200769671761920	10	5	1
553200769671761920	11	9	1
553200769671761920	12	11	1
553200769671761920	13	11	-1
553200769671761920	14	1	1
553200769671761920	15	14	-1
553200769671761920	16	15	-1
553200769671761920	17	1	-1
553200769671761920	18	17	-1
553200769671761920	19	17	-1
553200769671761920	20	18	-1
553200769671761920	21	18	-1
553200769671761920	22	21	1
553200769671761920	23	22	1
553200769671761920	24	23	-1
553200769671761920	25	23	1
553200769671761920	26	18	-1
553200769671761920	27	8	-1
553200769671761920	28	10	1
553200769671761920	29	27	1
553200769671761920	30	29	1
553200769671761920	31	30	1
553200769671761920	32	2	1
553200769671761920	33	32	-1
553200769671761920	34	33	-1
553200769671761920	35	34	1
553200769671761920	36	34	1
553200769671761920	37	36	1
553200769671761920	38	37	-1
553200769671761920	39	35	-1
553200769671761920	40	39	1
553200769671761920	41	38	1
553200769671761920	42	38	1
553200769671761920	43	41	-1
553200769671761920	44	42	-1
553200769671761920	45	40	1
553200769671761920	46	40	1
553200769671761920	47	40	1
553200769671761920	48	45	1
553200769671761920	49	47	-1
553200769671761920	50	44	-1
553200769671761920	51	44	1
553200769671761920	52	48	1
553200769671761920	53	51	1
553200769671761920	54	49	-1
553200769671761920	55	50	1
553200769671761920	56	54	1
553200769671761920	57	55	-1
553200769671761920	58	52	-1
553200769671761920	59	58	1
553200769671761920	60	53	-1
553200769671761920	61	60	-1
553200769671761920	62	61	1
553200769671761920	63	62	1
553200769671761920	64	61	1
553200769671761920	65	61	-1
553200769671761920	66	64	1
553200769671761920	67	63	1
553200769671761920	68	67	-1
553200769671761920	69	66	-1
553200769671761920	70	65	1
553200769671761920	71	70	-1
553200769671761920	72	69	1
553200769671761920	73	69	1
553200769671761920	74	68	1
553200769671761920	75	72	-1
553200769671761920	76	74	1
553200769671761920	77	73	-1
553200769671761920	78	75	1
553200769671761920	79	73	1
