553224082213601280	1	1	1
553224082213601280	2	1	1
553224082213601280	3	1	-1
553224082213601280	4	1	1
553224082213601280	5	1	1
553224082213601280	6	1	1
553224082213601280	7	1	1
553224082213601280	8	1	-1
553224082213601280	9	1	1
553224082213601280	10	7	1
553224082213601280	11	1	-1
553224082213601280	12	1	1
553224082213601280	13	1	1
553224082213601280	14	1	1
553224082213601280	15	1	1
553224082213601280	16	1	1
553224082213601280	17	1	-1
553224082213601280	18	1	1
553224082213601280	19	1	1
553224082213601280	20	1	1
553224082213601280	21	16	1
553224082213601280	22	18	1
