553468593141469184	1	1	1
553468593141469184	2	1	1
553468593141469184	3	2	1
553468593141469184	4	1	1
553468593141469184	5	1	1
553468593141469184	6	2	-1
553468593141469184	7	6	1
553468593141469184	8	1	-1
553468593141469184	9	1	-1
553468593141469184	10	1	-1
553468593141469184	11	1	-1
553468593141469184	12	1	-1
553468593141469184	13	1	-1
553468593141469184	14	1	1
553468593141469184	15	1	1
553468593141469184	16	15	-1
553468593141469184	17	1	1
553468593141469184	18	1	-1
553468593141469184	19	18	1
553468593141469184	20	17	1
553468593141469184	21	20	1
553468593141469184	22	20	-1
553468593141469184	23	22	-1
553468593141469184	24	19	1
553468593141469184	25	23	-1
553468593141469184	26	25	-1
553468593141469184	27	6	-1
553468593141469184	28	6	-1
553468593141469184	29	27	-1
553468593141469184	30	29	1
