553488850363101184	1	1	1
553488850363101184	2	1	-1
553488850363101184	3	1	-1
553488850363101184	4	1	-1
553488850363101184	5	1	1
553488850363101184	6	1	1
553488850363101184	7	1	1
553488850363101184	8	1	-1
553488850363101184	9	1	-1
553488850363101184	10	1	1
553488850363101184	11	1	1
553488850363101184	12	1	-1
553488850363101184	13	1	1
553488850363101184	14	1	-1
553488850363101184	15	1	1
553488850363101184	16	1	1
553488850363101184	17	1	1
553488850363101184	18	1	-1
553488850363101184	19	1	1
553488850363101184	20	1	1
