553485654030446592	1	1	1
553485654030446592	2	1	-1
553485654030446592	3	1	-1
553485654030446592	4	1	-1
553485654030446592	5	1	-1
553485654030446592	6	2	-1
553485654030446592	7	1	-1
553485654030446592	8	2	-1
553485654030446592	9	1	1
553485654030446592	10	1	1
553485654030446592	11	10	1
553485654030446592	12	11	1
553485654030446592	13	1	1
553485654030446592	14	11	-1
553485654030446592	15	11	1
553485654030446592	16	1	1
553485654030446592	17	11	1
553485654030446592	18	17	-1
553485654030446592	19	18	1
553485654030446592	20	19	-1
553485654030446592	21	19	1
553485654030446592	22	19	1
553485654030446592	23	19	-1
553485654030446592	24	20	1
553485654030446592	25	19	1
553485654030446592	26	20	-1
553485654030446592	27	15	1
553485654030446592	28	21	-1
553485654030446592	29	14	1
553485654030446592	30	24	-1
553485654030446592	31	27	-1
553485654030446592	32	27	-1
553485654030446592	33	27	-1
553485654030446592	34	26	1
553485654030446592	35	26	-1
553485654030446592	36	31	1
553485654030446592	37	36	-1
553485654030446592	38	36	-1
553485654030446592	39	36	1
553485654030446592	40	38	1
553485654030446592	41	40	-1
553485654030446592	42	40	-1
553485654030446592	43	41	-1
553485654030446592	44	43	-1
553485654030446592	45	44	1
