553475824369012736	1	1	1
553475824369012736	2	1	-1
553475824369012736	3	1	1
553475824369012736	4	2	-1
553475824369012736	5	3	-1
553475824369012736	6	1	1
553475824369012736	7	5	-1
553475824369012736	8	7	1
553475824369012736	9	8	1
553475824369012736	10	8	-1
553475824369012736	11	9	1
553475824369012736	12	11	-1
553475824369012736	13	9	1
553475824369012736	14	11	-1
553475824369012736	15	1	-1
553475824369012736	16	13	1
553475824369012736	17	16	1
553475824369012736	18	17	-1
553475824369012736	19	18	1
553475824369012736	20	18	-1
553475824369012736	21	14	1
