553493707472011264	1	1	1
553493707472011264	2	1	1
553493707472011264	3	1	-1
553493707472011264	4	1	1
553493707472011264	5	1	-1
553493707472011264	6	1	1
553493707472011264	7	1	1
553493707472011264	8	1	-1
553493707472011264	9	1	1
553493707472011264	10	1	-1
553493707472011264	11	1	-1
553493707472011264	12	1	-1
553493707472011264	13	1	1
553493707472011264	14	1	1
553493707472011264	15	1	1
553493707472011264	16	1	-1
553493707472011264	17	1	-1
553493707472011264	18	1	-1
553493707472011264	19	1	-1
553493707472011264	20	1	1
553493707472011264	21	3	-1
553493707472011264	22	5	1
553493707472011264	23	10	1
553493707472011264	24	22	-1
553493707472011264	25	18	1
553493707472011264	26	18	1
553493707472011264	27	23	-1
553493707472011264	28	16	1
553493707472011264	29	23	-1
553493707472011264	30	29	1
553493707472011264	31	30	-1
553493707472011264	32	31	-1
553493707472011264	33	29	-1
553493707472011264	34	33	1
553493707472011264	35	34	1
553493707472011264	36	35	1
