553484365012148225	1	1	1
553484365012148225	2	1	1
553484365012148225	3	1	-1
553484365012148225	4	1	-1
553484365012148225	5	1	-1
553484365012148225	6	1	1
553484365012148225	7	1	1
553484365012148225	8	1	1
553484365012148225	9	1	-1
553484365012148225	10	3	1
553484365012148225	11	1	-1
553484365012148225	12	1	1
553484365012148225	13	10	-1
553484365012148225	14	1	-1
553484365012148225	15	1	-1
553484365012148225	16	1	-1
553484365012148225	17	1	1
553484365012148225	18	13	-1
553484365012148225	19	1	1
553484365012148225	20	18	1
553484365012148225	21	20	1
553484365012148225	22	21	1
553484365012148225	23	22	-1
553484365012148225	24	23	-1
553484365012148225	25	24	1
553484365012148225	26	25	-1
553484365012148225	27	16	-1
553484365012148225	28	27	1
