553478677359775744	1	1	1
553478677359775744	2	1	-1
553478677359775744	3	1	-1
553478677359775744	4	1	-1
553478677359775744	5	1	-1
553478677359775744	6	1	-1
553478677359775744	7	1	-1
553478677359775744	8	1	-1
553478677359775744	9	2	1
553478677359775744	10	1	1
553478677359775744	11	1	-1
553478677359775744	12	1	1
553478677359775744	13	1	1
553478677359775744	14	1	1
553478677359775744	15	1	-1
553478677359775744	16	1	1
553478677359775744	17	1	1
553478677359775744	18	1	-1
553478677359775744	19	1	-1
553478677359775744	20	11	-1
553478677359775744	21	18	-1
553478677359775744	22	18	1
553478677359775744	23	7	-1
