553496489641902080	1	1	1
553496489641902080	2	1	-1
553496489641902080	3	1	1
553496489641902080	4	1	1
553496489641902080	5	1	1
553496489641902080	6	1	-1
553496489641902080	7	1	-1
553496489641902080	8	1	-1
553496489641902080	9	1	1
553496489641902080	10	1	-1
553496489641902080	11	1	1
553496489641902080	12	1	-1
553496489641902080	13	1	-1
553496489641902080	14	1	-1
553496489641902080	15	1	1
553496489641902080	16	1	-1
553496489641902080	17	1	1
553496489641902080	18	1	-1
553496489641902080	19	4	1
553496489641902080	20	1	1
553496489641902080	21	14	-1
553496489641902080	22	13	-1
553496489641902080	23	22	1
553496489641902080	24	23	-1
553496489641902080	25	24	1
553496489641902080	26	25	-1
553496489641902080	27	26	-1
553496489641902080	28	26	-1
553496489641902080	29	27	1
553496489641902080	30	26	1
553496489641902080	31	28	-1
553496489641902080	32	29	1
553496489641902080	33	29	1
553496489641902080	34	29	1
553496489641902080	35	29	1
553496489641902080	36	31	-1
553496489641902080	37	36	1
553496489641902080	38	37	1
553496489641902080	39	38	-1
553496489641902080	40	21	-1
553496489641902080	41	39	1
553496489641902080	42	39	1
553496489641902080	43	41	1
553496489641902080	44	42	1
553496489641902080	45	44	1
553496489641902080	46	45	-1
553496489641902080	47	46	1
553496489641902080	48	16	-1
553496489641902080	49	48	-1
553496489641902080	50	16	-1
553496489641902080	51	50	-1
