553563780928770048	1	1	1
553563780928770048	2	1	-1
553563780928770048	3	1	-1
553563780928770048	4	1	-1
553563780928770048	5	3	-1
553563780928770048	6	1	-1
553563780928770048	7	1	-1
553563780928770048	8	3	1
553563780928770048	9	4	-1
553563780928770048	10	7	-1
553563780928770048	11	9	1
553563780928770048	12	11	-1
553563780928770048	13	12	1
553563780928770048	14	13	-1
553563780928770048	15	10	-1
553563780928770048	16	15	1
553563780928770048	17	16	-1
553563780928770048	18	17	-1
553563780928770048	19	17	-1
553563780928770048	20	19	1
553563780928770048	21	20	-1
553563780928770048	22	21	1
553563780928770048	23	22	1
553563780928770048	24	23	-1
553563780928770048	25	24	-1
553563780928770048	26	25	1
553563780928770048	27	26	-1
553563780928770048	28	26	-1
553563780928770048	29	28	1
