553542565593878528	1	1	1
553542565593878528	2	1	-1
553542565593878528	3	1	-1
553542565593878528	4	2	-1
553542565593878528	5	1	1
553542565593878528	6	1	1
553542565593878528	7	1	1
553542565593878528	8	1	-1
553542565593878528	9	1	-1
553542565593878528	10	4	-1
553542565593878528	11	1	1
553542565593878528	12	1	-1
553542565593878528	13	8	1
553542565593878528	14	12	1
553542565593878528	15	9	1
553542565593878528	16	1	1
553542565593878528	17	15	1
553542565593878528	18	10	1
553542565593878528	19	1	-1
553542565593878528	20	19	1
553542565593878528	21	20	1
553542565593878528	22	1	1
553542565593878528	23	20	-1
553542565593878528	24	23	1
553542565593878528	25	2	1
553542565593878528	26	24	1
553542565593878528	27	26	1
553542565593878528	28	24	-1
553542565593878528	29	13	-1
553542565593878528	30	25	-1
553542565593878528	31	27	1
553542565593878528	32	27	1
553542565593878528	33	28	1
553542565593878528	34	13	-1
553542565593878528	35	32	1
553542565593878528	36	34	-1
553542565593878528	37	34	-1
553542565593878528	38	37	-1
553542565593878528	39	34	1
553542565593878528	40	33	1
553542565593878528	41	40	1
553542565593878528	42	41	-1
553542565593878528	43	41	-1
553542565593878528	44	41	-1
553542565593878528	45	44	1
553542565593878528	46	2	1
553542565593878528	47	43	-1
553542565593878528	48	47	1
553542565593878528	49	43	1
553542565593878528	50	49	1
553542565593878528	51	47	1
553542565593878528	52	51	1
553542565593878528	53	21	1
553542565593878528	54	22	-1
553542565593878528	55	28	1
553542565593878528	56	53	-1
553542565593878528	57	55	-1
553542565593878528	58	57	1
