553555593034596352	1	1	1
553555593034596352	2	1	1
553555593034596352	3	1	-1
553555593034596352	4	1	-1
553555593034596352	5	1	1
553555593034596352	6	1	-1
553555593034596352	7	4	1
553555593034596352	8	1	-1
553555593034596352	9	1	-1
553555593034596352	10	1	-1
553555593034596352	11	1	-1
553555593034596352	12	1	1
553555593034596352	13	1	-1
553555593034596352	14	1	1
553555593034596352	15	1	1
553555593034596352	16	1	-1
553555593034596352	17	1	-1
553555593034596352	18	13	-1
553555593034596352	19	1	1
553555593034596352	20	1	-1
553555593034596352	21	1	-1
553555593034596352	22	1	1
553555593034596352	23	1	-1
