553562348376850433	1	1	1
553562348376850433	2	1	-1
553562348376850433	3	1	-1
553562348376850433	4	1	1
553562348376850433	5	1	1
553562348376850433	6	1	1
553562348376850433	7	1	1
553562348376850433	8	1	1
553562348376850433	9	1	-1
553562348376850433	10	1	-1
553562348376850433	11	1	1
553562348376850433	12	1	1
553562348376850433	13	1	1
553562348376850433	14	1	1
553562348376850433	15	1	-1
553562348376850433	16	1	1
553562348376850433	17	1	-1
553562348376850433	18	1	-1
553562348376850433	19	1	-1
553562348376850433	20	1	-1
