553516364879904768	1	1	1
553516364879904768	2	1	-1
553516364879904768	3	1	-1
553516364879904768	4	1	-1
553516364879904768	5	1	1
553516364879904768	6	1	-1
553516364879904768	7	1	1
553516364879904768	8	5	-1
553516364879904768	9	1	-1
553516364879904768	10	1	1
553516364879904768	11	1	1
553516364879904768	12	1	-1
553516364879904768	13	1	-1
553516364879904768	14	5	-1
553516364879904768	15	1	-1
553516364879904768	16	1	1
553516364879904768	17	1	-1
553516364879904768	18	1	1
553516364879904768	19	1	1
553516364879904768	20	1	-1
553516364879904768	21	5	1
553516364879904768	22	12	1
553516364879904768	23	22	-1
