553506608203169792	1	1	1
553506608203169792	2	1	1
553506608203169792	3	1	1
553506608203169792	4	1	1
553506608203169792	5	1	1
553506608203169792	6	1	-1
553506608203169792	7	1	-1
553506608203169792	8	1	1
553506608203169792	9	1	-1
553506608203169792	10	1	-1
553506608203169792	11	1	1
553506608203169792	12	1	-1
553506608203169792	13	1	1
553506608203169792	14	10	-1
553506608203169792	15	1	1
553506608203169792	16	1	1
553506608203169792	17	1	1
553506608203169792	18	1	-1
553506608203169792	19	1	-1
553506608203169792	20	1	1
553506608203169792	21	15	-1
553506608203169792	22	8	1
553506608203169792	23	15	1
553506608203169792	24	1	1
553506608203169792	25	1	1
