553501773517033472	1	1	1
553501773517033472	2	1	-1
553501773517033472	3	1	1
553501773517033472	4	1	1
553501773517033472	5	1	1
553501773517033472	6	1	1
553501773517033472	7	1	1
553501773517033472	8	1	-1
553501773517033472	9	1	1
553501773517033472	10	9	1
553501773517033472	11	1	-1
553501773517033472	12	10	-1
553501773517033472	13	12	1
553501773517033472	14	1	1
553501773517033472	15	1	-1
553501773517033472	16	1	-1
553501773517033472	17	15	1
553501773517033472	18	14	1
553501773517033472	19	12	-1
553501773517033472	20	1	-1
553501773517033472	21	14	1
553501773517033472	22	18	1
553501773517033472	23	19	-1
553501773517033472	24	21	-1
553501773517033472	25	20	-1
553501773517033472	26	25	1
553501773517033472	27	26	1
553501773517033472	28	27	-1
553501773517033472	29	26	-1
553501773517033472	30	28	1
553501773517033472	31	20	-1
553501773517033472	32	7	1
553501773517033472	33	32	-1
553501773517033472	34	33	1
553501773517033472	35	31	1
553501773517033472	36	35	1
