553585504093224962	1	1	1
553585504093224962	2	1	1
553585504093224962	3	1	1
553585504093224962	4	1	1
553585504093224962	5	1	-1
553585504093224962	6	1	-1
553585504093224962	7	1	1
553585504093224962	8	1	1
553585504093224962	9	1	-1
553585504093224962	10	1	1
553585504093224962	11	1	1
553585504093224962	12	7	1
553585504093224962	13	4	1
553585504093224962	14	4	-1
553585504093224962	15	13	1
553585504093224962	16	1	1
553585504093224962	17	1	-1
553585504093224962	18	15	-1
553585504093224962	19	1	1
553585504093224962	20	1	-1
