553590880352088064	1	1	1
553590880352088064	2	1	1
553590880352088064	3	1	1
553590880352088064	4	1	1
553590880352088064	5	1	-1
553590880352088064	6	1	-1
553590880352088064	7	1	1
553590880352088064	8	1	-1
553590880352088064	9	4	1
553590880352088064	10	9	-1
553590880352088064	11	1	-1
553590880352088064	12	1	1
553590880352088064	13	11	1
553590880352088064	14	1	-1
553590880352088064	15	1	-1
553590880352088064	16	1	-1
553590880352088064	17	1	-1
553590880352088064	18	1	-1
553590880352088064	19	1	-1
553590880352088064	20	1	-1
553590880352088064	21	16	-1
553590880352088064	22	21	-1
