553582301003931648	1	1	1
553582301003931648	2	1	-1
553582301003931648	3	1	-1
553582301003931648	4	1	-1
553582301003931648	5	1	-1
553582301003931648	6	1	1
553582301003931648	7	1	1
553582301003931648	8	1	1
553582301003931648	9	1	1
553582301003931648	10	1	1
553582301003931648	11	1	-1
553582301003931648	12	1	1
553582301003931648	13	1	1
553582301003931648	14	1	1
553582301003931648	15	1	-1
553582301003931648	16	10	1
553582301003931648	17	1	-1
553582301003931648	18	1	1
553582301003931648	19	11	-1
553582301003931648	20	1	-1
553582301003931648	21	8	-1
553582301003931648	22	10	-1
553582301003931648	23	8	1
553582301003931648	24	13	-1
