553589970775343104	1	1	1
553589970775343104	2	1	1
553589970775343104	3	1	-1
553589970775343104	4	1	1
553589970775343104	5	1	-1
553589970775343104	6	1	-1
553589970775343104	7	1	-1
553589970775343104	8	1	1
553589970775343104	9	1	-1
553589970775343104	10	6	-1
553589970775343104	11	1	1
553589970775343104	12	1	1
553589970775343104	13	1	-1
553589970775343104	14	1	1
553589970775343104	15	1	1
553589970775343104	16	1	-1
553589970775343104	17	1	-1
553589970775343104	18	1	1
553589970775343104	19	1	-1
553589970775343104	20	1	-1
553589970775343104	21	10	1
553589970775343104	22	21	1
