553563668169125889	1	1	1
553563668169125889	2	1	1
553563668169125889	3	1	-1
553563668169125889	4	1	-1
553563668169125889	5	1	-1
553563668169125889	6	1	-1
553563668169125889	7	1	-1
553563668169125889	8	1	1
553563668169125889	9	1	1
553563668169125889	10	2	1
553563668169125889	11	3	1
553563668169125889	12	1	-1
553563668169125889	13	3	1
553563668169125889	14	1	-1
553563668169125889	15	13	1
553563668169125889	16	14	-1
553563668169125889	17	1	-1
553563668169125889	18	1	1
553563668169125889	19	3	-1
553563668169125889	20	1	-1
