553580959661309952	1	1	1
553580959661309952	2	1	1
553580959661309952	3	1	-1
553580959661309952	4	1	1
553580959661309952	5	1	-1
553580959661309952	6	1	1
553580959661309952	7	1	1
553580959661309952	8	1	-1
553580959661309952	9	1	1
553580959661309952	10	1	1
553580959661309952	11	3	1
553580959661309952	12	2	1
553580959661309952	13	1	-1
553580959661309952	14	1	-1
553580959661309952	15	1	1
553580959661309952	16	12	1
553580959661309952	17	1	-1
553580959661309952	18	1	-1
553580959661309952	19	7	1
553580959661309952	20	1	1
553580959661309952	21	20	-1
