553506946054369280	1	1	1
553506946054369280	2	1	1
553506946054369280	3	1	-1
553506946054369280	4	1	1
553506946054369280	5	1	-1
553506946054369280	6	1	-1
553506946054369280	7	1	-1
553506946054369280	8	1	-1
553506946054369280	9	1	-1
553506946054369280	10	1	1
553506946054369280	11	1	-1
553506946054369280	12	11	-1
553506946054369280	13	1	1
553506946054369280	14	1	1
553506946054369280	15	1	1
553506946054369280	16	1	1
553506946054369280	17	1	1
553506946054369280	18	17	1
553506946054369280	19	1	1
553506946054369280	20	1	-1
553506946054369280	21	20	-1
553506946054369280	22	21	1
553506946054369280	23	22	1
553506946054369280	24	23	1
