553578029751226369	1	1	1
553578029751226369	2	1	-1
553578029751226369	3	1	-1
553578029751226369	4	1	-1
553578029751226369	5	1	1
553578029751226369	6	1	-1
553578029751226369	7	4	-1
553578029751226369	8	1	-1
553578029751226369	9	1	-1
553578029751226369	10	1	-1
553578029751226369	11	1	-1
553578029751226369	12	11	1
553578029751226369	13	1	1
553578029751226369	14	12	-1
553578029751226369	15	1	-1
553578029751226369	16	1	-1
553578029751226369	17	1	-1
553578029751226369	18	1	1
553578029751226369	19	1	-1
553578029751226369	20	1	1
