553554032745525249	1	1	1
553554032745525249	2	1	-1
553554032745525249	3	1	-1
553554032745525249	4	1	1
553554032745525249	5	4	-1
553554032745525249	6	1	-1
553554032745525249	7	5	-1
553554032745525249	8	1	-1
553554032745525249	9	1	1
553554032745525249	10	7	1
553554032745525249	11	1	-1
553554032745525249	12	1	1
553554032745525249	13	8	-1
553554032745525249	14	1	-1
553554032745525249	15	1	-1
553554032745525249	16	6	-1
553554032745525249	17	3	-1
553554032745525249	18	1	1
553554032745525249	19	1	1
553554032745525249	20	6	1
553554032745525249	21	14	-1
553554032745525249	22	10	-1
553554032745525249	23	20	1
553554032745525249	24	12	1
553554032745525249	25	22	-1
553554032745525249	26	25	-1
553554032745525249	27	26	1
553554032745525249	28	27	1
553554032745525249	29	28	1
553554032745525249	30	29	1
553554032745525249	31	30	-1
553554032745525249	32	31	-1
553554032745525249	33	32	-1
553554032745525249	34	33	1
553554032745525249	35	4	-1
553554032745525249	36	27	1
553554032745525249	37	36	-1
553554032745525249	38	37	1
553554032745525249	39	37	1
