553536236493615104	1	1	1
553536236493615104	2	1	1
553536236493615104	3	1	-1
553536236493615104	4	1	1
553536236493615104	5	1	-1
553536236493615104	6	1	1
553536236493615104	7	1	1
553536236493615104	8	1	1
553536236493615104	9	1	-1
553536236493615104	10	9	-1
553536236493615104	11	1	-1
553536236493615104	12	5	-1
553536236493615104	13	1	-1
553536236493615104	14	12	1
553536236493615104	15	14	1
553536236493615104	16	15	-1
553536236493615104	17	1	1
553536236493615104	18	16	-1
553536236493615104	19	18	-1
553536236493615104	20	19	1
