553503184174710784	1	1	1
553503184174710784	2	1	-1
553503184174710784	3	1	1
553503184174710784	4	1	1
553503184174710784	5	1	-1
553503184174710784	6	1	1
553503184174710784	7	1	1
553503184174710784	8	1	-1
553503184174710784	9	1	1
553503184174710784	10	4	1
553503184174710784	11	1	1
553503184174710784	12	1	1
553503184174710784	13	1	-1
553503184174710784	14	1	1
553503184174710784	15	1	1
553503184174710784	16	1	1
553503184174710784	17	1	-1
553503184174710784	18	1	-1
553503184174710784	19	1	1
553503184174710784	20	1	1
553503184174710784	21	9	1
553503184174710784	22	18	-1
553503184174710784	23	22	-1
553503184174710784	24	18	-1
