553587013409325058	1	1	1
553587013409325058	2	1	1
553587013409325058	3	1	-1
553587013409325058	4	1	-1
553587013409325058	5	1	-1
553587013409325058	6	1	-1
553587013409325058	7	1	-1
553587013409325058	8	1	1
553587013409325058	9	1	1
553587013409325058	10	1	1
553587013409325058	11	1	-1
553587013409325058	12	1	1
553587013409325058	13	1	-1
553587013409325058	14	1	1
553587013409325058	15	1	-1
553587013409325058	16	1	1
553587013409325058	17	1	-1
553587013409325058	18	1	1
553587013409325058	19	1	-1
553587013409325058	20	1	1
553587013409325058	21	9	1
553587013409325058	22	11	-1
553587013409325058	23	14	1
553587013409325058	24	11	-1
553587013409325058	25	10	1
553587013409325058	26	14	1
553587013409325058	27	10	1
553587013409325058	28	23	-1
553587013409325058	29	25	1
553587013409325058	30	11	-1
553587013409325058	31	11	-1
553587013409325058	32	11	1
553587013409325058	33	29	1
553587013409325058	34	33	1
553587013409325058	35	11	1
