553588993993232384	1	1	1
553588993993232384	2	1	1
553588993993232384	3	1	-1
553588993993232384	4	1	1
553588993993232384	5	1	1
553588993993232384	6	1	1
553588993993232384	7	1	1
553588993993232384	8	1	-1
553588993993232384	9	1	1
553588993993232384	10	1	1
553588993993232384	11	1	-1
553588993993232384	12	1	1
553588993993232384	13	1	-1
553588993993232384	14	1	1
553588993993232384	15	1	-1
553588993993232384	16	1	1
553588993993232384	17	1	1
553588993993232384	18	1	1
553588993993232384	19	1	-1
553588993993232384	20	1	-1
553588993993232384	21	11	-1
