553555293645590528	1	1	1
553555293645590528	2	1	-1
553555293645590528	3	1	1
553555293645590528	4	1	-1
553555293645590528	5	1	1
553555293645590528	6	1	1
553555293645590528	7	1	-1
553555293645590528	8	1	-1
553555293645590528	9	1	-1
553555293645590528	10	1	1
553555293645590528	11	1	1
553555293645590528	12	1	1
553555293645590528	13	1	1
553555293645590528	14	1	-1
553555293645590528	15	1	-1
553555293645590528	16	1	-1
553555293645590528	17	1	-1
553555293645590528	18	1	-1
553555293645590528	19	1	-1
553555293645590528	20	1	1
