553531783992868864	1	1	1
553531783992868864	2	1	-1
553531783992868864	3	1	1
553531783992868864	4	1	1
553531783992868864	5	1	-1
553531783992868864	6	1	1
553531783992868864	7	1	1
553531783992868864	8	1	-1
553531783992868864	9	1	-1
553531783992868864	10	1	-1
553531783992868864	11	1	-1
553531783992868864	12	10	-1
553531783992868864	13	3	1
553531783992868864	14	13	-1
553531783992868864	15	10	1
553531783992868864	16	3	1
553531783992868864	17	16	-1
553531783992868864	18	14	-1
553531783992868864	19	18	-1
553531783992868864	20	17	1
553531783992868864	21	15	1
553531783992868864	22	16	-1
553531783992868864	23	12	-1
553531783992868864	24	18	1
553531783992868864	25	22	1
553531783992868864	26	24	1
553531783992868864	27	25	1
553531783992868864	28	19	1
553531783992868864	29	21	-1
553531783992868864	30	27	-1
553531783992868864	31	27	-1
553531783992868864	32	30	1
553531783992868864	33	30	1
553531783992868864	34	3	-1
553531783992868864	35	33	1
553531783992868864	36	35	-1
553531783992868864	37	10	1
553531783992868864	38	10	-1
553531783992868864	39	14	-1
553531783992868864	40	37	1
553531783992868864	41	37	1
553531783992868864	42	10	-1
553531783992868864	43	42	-1
553531783992868864	44	43	1
553531783992868864	45	43	1
553531783992868864	46	10	1
553531783992868864	47	37	1
553531783992868864	48	37	1
553531783992868864	49	2	1
553531783992868864	50	46	-1
553531783992868864	51	48	-1
553531783992868864	52	50	1
553531783992868864	53	52	1
553531783992868864	54	53	1
553531783992868864	55	54	-1
553531783992868864	56	45	-1
553531783992868864	57	45	1
553531783992868864	58	49	-1
553531783992868864	59	56	1
553531783992868864	60	57	-1
553531783992868864	61	57	-1
