553579224402235393	1	1	1
553579224402235393	2	1	-1
553579224402235393	3	1	-1
553579224402235393	4	1	1
553579224402235393	5	1	-1
553579224402235393	6	1	-1
553579224402235393	7	1	1
553579224402235393	8	1	1
553579224402235393	9	1	-1
553579224402235393	10	1	1
553579224402235393	11	10	-1
553579224402235393	12	1	-1
553579224402235393	13	3	-1
553579224402235393	14	13	-1
553579224402235393	15	11	1
553579224402235393	16	10	-1
553579224402235393	17	1	1
553579224402235393	18	16	1
553579224402235393	19	16	1
553579224402235393	20	18	-1
553579224402235393	21	16	1
553579224402235393	22	21	-1
553579224402235393	23	21	-1
553579224402235393	24	10	1
553579224402235393	25	10	1
553579224402235393	26	25	-1
