553588374280601600	1	1	1
553588374280601600	2	1	1
553588374280601600	3	1	-1
553588374280601600	4	1	1
553588374280601600	5	1	-1
553588374280601600	6	1	1
553588374280601600	7	1	1
553588374280601600	8	1	1
553588374280601600	9	1	-1
553588374280601600	10	1	1
553588374280601600	11	1	1
553588374280601600	12	1	-1
553588374280601600	13	1	-1
553588374280601600	14	1	-1
553588374280601600	15	1	1
553588374280601600	16	1	1
553588374280601600	17	1	-1
553588374280601600	18	1	1
553588374280601600	19	1	-1
553588374280601600	20	1	-1
553588374280601600	21	10	1
553588374280601600	22	10	-1
