553591049541914624	1	1	1
553591049541914624	2	1	-1
553591049541914624	3	1	1
553591049541914624	4	1	1
553591049541914624	5	1	1
553591049541914624	6	1	1
553591049541914624	7	1	-1
553591049541914624	8	1	-1
553591049541914624	9	1	-1
553591049541914624	10	3	-1
553591049541914624	11	9	1
553591049541914624	12	3	1
553591049541914624	13	1	-1
553591049541914624	14	10	-1
553591049541914624	15	1	1
553591049541914624	16	1	-1
553591049541914624	17	12	1
553591049541914624	18	1	1
553591049541914624	19	1	1
553591049541914624	20	1	1
553591049541914624	21	12	1
553591049541914624	22	21	-1
553591049541914624	23	3	-1
553591049541914624	24	20	-1
553591049541914624	25	20	-1
553591049541914624	26	22	-1
553591049541914624	27	26	1
553591049541914624	28	27	-1
553591049541914624	29	11	-1
553591049541914624	30	15	-1
553591049541914624	31	28	1
