553531343834202112	1	1	1
553531343834202112	2	1	1
553531343834202112	3	1	-1
553531343834202112	4	1	1
553531343834202112	5	1	1
553531343834202112	6	2	1
553531343834202112	7	1	-1
553531343834202112	8	1	1
553531343834202112	9	1	1
553531343834202112	10	1	-1
553531343834202112	11	1	1
553531343834202112	12	1	1
553531343834202112	13	1	1
553531343834202112	14	1	1
553531343834202112	15	1	-1
553531343834202112	16	1	1
553531343834202112	17	1	-1
553531343834202112	18	1	1
553531343834202112	19	1	1
553531343834202112	20	1	1
553531343834202112	21	6	-1
553531343834202112	22	15	1
553531343834202112	23	22	-1
553531343834202112	24	23	1
