580319999887347712	1	1	1
580319999887347712	2	1	-1
580319999887347712	3	1	1
580319999887347712	4	1	1
580319999887347712	5	1	-1
580319999887347712	6	1	-1
580319999887347712	7	3	1
580319999887347712	8	1	1
580319999887347712	9	1	1
580319999887347712	10	1	1
580319999887347712	11	1	-1
580319999887347712	12	7	1
580319999887347712	13	1	1
580319999887347712	14	8	-1
580319999887347712	15	1	-1
580319999887347712	16	13	-1
580319999887347712	17	12	-1
580319999887347712	18	1	1
580319999887347712	19	1	1
580319999887347712	20	17	-1
580319999887347712	21	20	1
580319999887347712	22	15	-1
580319999887347712	23	7	-1
580319999887347712	24	23	1
580319999887347712	25	7	1
580319999887347712	26	25	-1
580319999887347712	27	26	1
580319999887347712	28	27	-1
580319999887347712	29	28	1
580319999887347712	30	29	1
580319999887347712	31	29	-1
580319999887347712	32	30	1
580319999887347712	33	30	1
