580351604831846400	1	1	1
580351604831846400	2	1	1
580351604831846400	3	1	-1
580351604831846400	4	1	-1
580351604831846400	5	2	-1
580351604831846400	6	1	-1
580351604831846400	7	1	-1
580351604831846400	8	1	1
580351604831846400	9	1	-1
580351604831846400	10	1	1
580351604831846400	11	2	1
580351604831846400	12	1	1
580351604831846400	13	1	1
580351604831846400	14	1	1
580351604831846400	15	1	-1
580351604831846400	16	1	-1
580351604831846400	17	1	-1
580351604831846400	18	1	1
580351604831846400	19	1	1
580351604831846400	20	2	-1
580351604831846400	21	4	1
580351604831846400	22	5	1
580351604831846400	23	3	-1
580351604831846400	24	21	-1
580351604831846400	25	14	1
