580320890086383616	1	1	1
580320890086383616	2	1	-1
580320890086383616	3	2	-1
580320890086383616	4	3	-1
580320890086383616	5	4	1
580320890086383616	6	5	1
580320890086383616	7	4	-1
580320890086383616	8	6	1
580320890086383616	9	1	1
580320890086383616	10	8	1
580320890086383616	11	10	-1
580320890086383616	12	1	1
580320890086383616	13	11	1
580320890086383616	14	13	-1
580320890086383616	15	13	-1
580320890086383616	16	15	1
580320890086383616	17	2	1
580320890086383616	18	17	-1
580320890086383616	19	16	1
580320890086383616	20	19	1
580320890086383616	21	18	-1
580320890086383616	22	21	1
580320890086383616	23	22	1
580320890086383616	24	20	1
580320890086383616	25	24	1
580320890086383616	26	25	1
580320890086383616	27	26	1
580320890086383616	28	27	1
580320890086383616	29	27	1
580320890086383616	30	29	-1
