580371847335821312	1	1	1
580371847335821312	2	1	-1
580371847335821312	3	1	1
580371847335821312	4	1	-1
580371847335821312	5	1	1
580371847335821312	6	1	1
580371847335821312	7	1	-1
580371847335821312	8	1	1
580371847335821312	9	1	1
580371847335821312	10	1	1
580371847335821312	11	1	1
580371847335821312	12	1	1
580371847335821312	13	1	1
580371847335821312	14	1	-1
580371847335821312	15	1	-1
580371847335821312	16	1	1
580371847335821312	17	1	-1
580371847335821312	18	1	1
580371847335821312	19	1	-1
580371847335821312	20	1	1
580371847335821312	21	17	-1
