580322927679279105	1	1	1
580322927679279105	2	1	1
580322927679279105	3	2	1
580322927679279105	4	2	-1
580322927679279105	5	4	1
580322927679279105	6	2	-1
580322927679279105	7	1	-1
580322927679279105	8	1	-1
580322927679279105	9	1	-1
580322927679279105	10	1	1
580322927679279105	11	1	-1
580322927679279105	12	1	1
580322927679279105	13	1	1
580322927679279105	14	1	1
580322927679279105	15	1	1
580322927679279105	16	1	1
580322927679279105	17	1	1
580322927679279105	18	1	1
580322927679279105	19	1	-1
580322927679279105	20	1	1
580322927679279105	21	19	-1
