580319651399385088	1	1	1
580319651399385088	2	1	-1
580319651399385088	3	1	1
580319651399385088	4	1	1
580319651399385088	5	1	1
580319651399385088	6	1	-1
580319651399385088	7	4	-1
580319651399385088	8	1	-1
580319651399385088	9	1	1
580319651399385088	10	7	-1
580319651399385088	11	1	1
580319651399385088	12	2	1
580319651399385088	13	10	1
580319651399385088	14	13	-1
580319651399385088	15	9	-1
580319651399385088	16	11	1
580319651399385088	17	16	1
580319651399385088	18	16	-1
580319651399385088	19	17	-1
580319651399385088	20	14	-1
580319651399385088	21	20	1
580319651399385088	22	19	-1
580319651399385088	23	22	1
580319651399385088	24	23	-1
580319651399385088	25	2	-1
580319651399385088	26	3	-1
580319651399385088	27	4	-1
580319651399385088	28	5	1
580319651399385088	29	6	1
580319651399385088	30	24	1
580319651399385088	31	11	1
