580340476949086208	1	1	1
580340476949086208	2	1	1
580340476949086208	3	1	-1
580340476949086208	4	1	-1
580340476949086208	5	1	1
580340476949086208	6	1	-1
580340476949086208	7	1	-1
580340476949086208	8	1	1
580340476949086208	9	1	-1
580340476949086208	10	1	1
580340476949086208	11	1	-1
580340476949086208	12	1	-1
580340476949086208	13	1	-1
580340476949086208	14	1	-1
580340476949086208	15	1	1
580340476949086208	16	14	1
580340476949086208	17	1	-1
580340476949086208	18	17	1
580340476949086208	19	1	1
580340476949086208	20	1	-1
