580320612155060224	1	1	1
580320612155060224	2	1	-1
580320612155060224	3	1	1
580320612155060224	4	1	1
580320612155060224	5	1	-1
580320612155060224	6	1	1
580320612155060224	7	6	1
580320612155060224	8	1	1
580320612155060224	9	1	1
580320612155060224	10	2	-1
580320612155060224	11	1	-1
580320612155060224	12	1	1
580320612155060224	13	1	1
580320612155060224	14	10	1
580320612155060224	15	8	1
580320612155060224	16	1	1
580320612155060224	17	11	1
580320612155060224	18	1	-1
580320612155060224	19	9	-1
580320612155060224	20	1	-1
580320612155060224	21	17	1
580320612155060224	22	15	-1
580320612155060224	23	15	-1
580320612155060224	24	23	-1
580320612155060224	25	24	1
580320612155060224	26	24	-1
580320612155060224	27	3	1
580320612155060224	28	27	1
580320612155060224	29	28	1
580320612155060224	30	26	-1
580320612155060224	31	26	-1
580320612155060224	32	29	-1
580320612155060224	33	32	-1
580320612155060224	34	32	1
580320612155060224	35	26	1
580320612155060224	36	3	-1
580320612155060224	37	5	-1
580320612155060224	38	10	-1
580320612155060224	39	38	1
580320612155060224	40	2	1
580320612155060224	41	21	-1
580320612155060224	42	41	-1
580320612155060224	43	42	1
580320612155060224	44	5	-1
580320612155060224	45	42	1
580320612155060224	46	42	1
580320612155060224	47	38	1
580320612155060224	48	46	1
580320612155060224	49	48	1
580320612155060224	50	49	-1
580320612155060224	51	49	1
580320612155060224	52	50	1
580320612155060224	53	51	-1
580320612155060224	54	53	-1
580320612155060224	55	53	-1
580320612155060224	56	54	-1
580320612155060224	57	54	1
580320612155060224	58	55	-1
580320612155060224	59	58	-1
580320612155060224	60	44	1
580320612155060224	61	58	-1
580320612155060224	62	61	-1
580320612155060224	63	55	-1
580320612155060224	64	58	1
580320612155060224	65	63	1
580320612155060224	66	58	1
580320612155060224	67	65	1
580320612155060224	68	66	-1
580320612155060224	69	65	-1
580320612155060224	70	67	1
580320612155060224	71	68	-1
580320612155060224	72	71	1
580320612155060224	73	72	1
580320612155060224	74	73	1
580320612155060224	75	70	1
580320612155060224	76	74	1
580320612155060224	77	61	1
