580388756043083777	1	1	1
580388756043083777	2	1	-1
580388756043083777	3	1	-1
580388756043083777	4	1	1
580388756043083777	5	1	1
580388756043083777	6	4	-1
580388756043083777	7	1	-1
580388756043083777	8	1	-1
580388756043083777	9	1	-1
580388756043083777	10	6	1
580388756043083777	11	1	1
580388756043083777	12	1	-1
580388756043083777	13	1	1
580388756043083777	14	1	-1
580388756043083777	15	1	-1
580388756043083777	16	15	1
580388756043083777	17	16	-1
580388756043083777	18	10	-1
580388756043083777	19	1	1
580388756043083777	20	13	-1
