580697361799876608	1	1	1
580697361799876608	2	1	-1
580697361799876608	3	1	1
580697361799876608	4	1	-1
580697361799876608	5	1	-1
580697361799876608	6	1	-1
580697361799876608	7	1	1
580697361799876608	8	1	-1
580697361799876608	9	1	1
580697361799876608	10	1	1
580697361799876608	11	1	-1
580697361799876608	12	1	-1
580697361799876608	13	1	1
580697361799876608	14	1	1
580697361799876608	15	1	-1
580697361799876608	16	15	1
580697361799876608	17	1	1
580697361799876608	18	1	1
580697361799876608	19	1	1
580697361799876608	20	1	1
