581063906682114048	1	1	1
581063906682114048	2	1	-1
581063906682114048	3	1	-1
581063906682114048	4	2	-1
581063906682114048	5	1	-1
581063906682114048	6	1	-1
581063906682114048	7	1	1
581063906682114048	8	4	1
581063906682114048	9	1	1
581063906682114048	10	5	1
581063906682114048	11	1	-1
581063906682114048	12	5	1
581063906682114048	13	12	-1
581063906682114048	14	13	-1
581063906682114048	15	13	-1
581063906682114048	16	5	-1
581063906682114048	17	15	1
581063906682114048	18	14	-1
581063906682114048	19	12	1
581063906682114048	20	16	1
581063906682114048	21	19	-1
581063906682114048	22	14	1
581063906682114048	23	4	-1
581063906682114048	24	14	1
