581153923987206146	1	1	1
581153923987206146	2	1	1
581153923987206146	3	1	1
581153923987206146	4	1	1
581153923987206146	5	1	1
581153923987206146	6	1	1
581153923987206146	7	1	1
581153923987206146	8	1	-1
581153923987206146	9	1	-1
581153923987206146	10	5	-1
581153923987206146	11	1	-1
581153923987206146	12	1	1
581153923987206146	13	1	1
581153923987206146	14	1	-1
581153923987206146	15	1	-1
581153923987206146	16	1	1
581153923987206146	17	1	-1
581153923987206146	18	3	-1
581153923987206146	19	1	-1
581153923987206146	20	1	-1
581153923987206146	21	10	1
581153923987206146	22	21	-1
581153923987206146	23	22	-1
581153923987206146	24	23	-1
