581252958446329857	1	1	1
581252958446329857	2	1	-1
581252958446329857	3	1	-1
581252958446329857	4	1	-1
581252958446329857	5	4	-1
581252958446329857	6	5	-1
581252958446329857	7	5	1
581252958446329857	8	1	-1
581252958446329857	9	5	1
581252958446329857	10	7	-1
581252958446329857	11	1	1
581252958446329857	12	10	-1
581252958446329857	13	1	-1
581252958446329857	14	10	-1
581252958446329857	15	1	1
581252958446329857	16	12	1
581252958446329857	17	14	-1
581252958446329857	18	17	1
581252958446329857	19	15	-1
581252958446329857	20	18	-1
581252958446329857	21	18	-1
581252958446329857	22	19	-1
581252958446329857	23	18	-1
581252958446329857	24	18	-1
581252958446329857	25	18	-1
581252958446329857	26	18	1
581252958446329857	27	18	1
