581302544116379648	1	1	1
581302544116379648	2	1	1
581302544116379648	3	1	1
581302544116379648	4	1	-1
581302544116379648	5	1	1
581302544116379648	6	1	-1
581302544116379648	7	1	-1
581302544116379648	8	1	-1
581302544116379648	9	1	-1
581302544116379648	10	1	1
581302544116379648	11	1	1
581302544116379648	12	1	-1
581302544116379648	13	1	1
581302544116379648	14	1	-1
581302544116379648	15	1	1
581302544116379648	16	13	1
581302544116379648	17	1	-1
581302544116379648	18	16	-1
581302544116379648	19	1	1
581302544116379648	20	1	1
581302544116379648	21	14	1
581302544116379648	22	3	1
