581404604677660673	1	1	1
581404604677660673	2	1	1
581404604677660673	3	1	1
581404604677660673	4	1	1
581404604677660673	5	1	-1
581404604677660673	6	1	1
581404604677660673	7	1	1
581404604677660673	8	1	1
581404604677660673	9	2	1
581404604677660673	10	1	1
581404604677660673	11	1	-1
581404604677660673	12	1	-1
581404604677660673	13	1	-1
581404604677660673	14	1	1
581404604677660673	15	1	-1
581404604677660673	16	1	1
581404604677660673	17	13	1
581404604677660673	18	1	-1
581404604677660673	19	15	1
581404604677660673	20	19	1
581404604677660673	21	7	-1
581404604677660673	22	2	1
581404604677660673	23	6	-1
